356 52
357 52
358 52
359 52
360 52
361 52
362 52
363 52
364 52
365 52
366 52
367 52
368 52
369 52
370 52
371 52
372 52
373 52
374 52
375 52
376 52
377 52
378 52
379 52
380 52
381 52
382 52
383 52
384 52
385 52
386 52
387 52
388 52
389 52
390 52
391 52
392 52
393 52
394 52
395 52
396 52
397 52
398 52
399 52
400 52
401 52
402 52
403 52
404 52
405 53
406 53
407 54
408 54
409 54
410 54
411 55
412 55
413 55
414 55
415 55
416 56
417 56
418 57
419 57
420 57
421 58
422 58
423 58
424 58
425 58
426 59
427 59
428 59
429 59
430 60
431 60
432 61
433 61
434 61
435 62
436 62
437 62
438 62
439 62
440 63
441 63
442 63
443 63
444 63
445 63
446 64
447 64
448 64
449 64
450 64
451 64
452 63
453 63
454 63
455 63
456 64
457 64
458 64
459 65
460 65
461 65
462 65
463 66
464 66
465 67
466 67
467 67
468 67
469 67
470 67
471 67
472 67
473 67
474 67
475 67
476 67
477 66
478 66
479 66
480 66
481 66
482 66
483 66
484 66
485 66
486 66
487 66
488 66
489 66
490 66
491 65
492 65
493 65
494 65
495 65
496 65
497 65
498 65
499 65
500 65
501 64
502 64
503 64
504 64
505 64
506 63
507 63
508 63
509 63
510 63
511 63
512 63
513 63
514 63
515 63
516 63
517 63
518 63
519 63
520 63
521 63
522 63
523 63
524 63
525 63
526 63
527 63
528 63
529 63
530 63
531 63
532 63
533 63
534 63
535 63
536 63
537 63
538 63
539 63
540 63
541 63
542 63
543 63
544 63
545 63
546 63
547 63
548 63
549 63
550 63
551 64
552 64
553 64
554 64
555 64
556 64
557 64
558 64
559 64
560 64
561 64
562 64
563 64
564 64
565 64
566 65
567 65
568 65
569 66
570 66
571 66
572 66
573 67
574 67
575 68
576 68
577 69
578 69
579 69
580 70
581 70
582 71
583 71
584 72
585 73
586 73
587 74
588 74
589 75
590 76
591 77
592 77
593 78
594 79
595 80
596 80
597 81
598 82
599 82
600 83
601 84
602 85
603 85
604 86
605 87
606 88
607 89
608 89
609 90
610 91
611 92
612 93
613 94
614 94
615 95
616 95
617 96
617 97
618 98
619 98
620 99
621 100
622 101
623 102
624 103
625 104
625 105
626 106
627 106
628 107
628 108
629 109
630 110
631 111
632 112
633 113
633 114
633 115
634 116
635 116
636 117
636 118
637 119
637 120
638 121
639 122
639 123
640 124
640 125
641 126
642 127
643 128
644 129
644 130
645 131
645 132
646 133
646 134
647 135
648 136
649 137
649 138
649 139
650 140
650 141
650 142
651 143
652 144
653 145
654 146
654 147
654 148
654 149
655 150
655 151
656 152
656 153
656 154
657 155
658 156
658 157
658 158
658 159
659 160
659 161
659 162
659 163
660 164
660 165
660 166
661 167
661 168
662 169
662 170
662 171
663 172
663 173
663 174
663 175
663 176
663 177
664 178
665 179
665 180
665 181
665 182
665 183
665 184
666 185
666 186
666 187
667 188
667 189
667 190
668 191
668 192
668 193
668 194
668 195
669 196
669 197
669 198
670 199
670 200
670 201
671 202
671 203
671 204
672 205
672 206
673 207
674 208
674 209
675 210
675 211
675 212
676 213
677 214
677 215
677 216
678 217
678 218
678 219
678 220
679 221
679 222
680 223
680 224
681 225
681 226
682 227
683 228
683 229
684 230
685 231
685 232
685 233
685 234
686 235
687 236
687 237
687 238
688 239
688 240
688 241
688 242
688 243
689 244
690 245
690 246
691 247
691 248
692 249
692 250
693 251
693 252
693 253
694 254
694 255
695 256
695 257
695 258
695 259
696 260
696 261
697 262
697 263
698 264
698 265
699 266
699 267
699 268
700 269
700 270
700 271
701 272
702 273
703 274
703 275
703 276
704 277
704 278
705 279
705 280
706 281
706 282
707 283
707 284
707 285
708 286
708 287
709 288
710 289
710 290
710 291
711 292
711 293
711 294
712 295
713 296
714 297
714 298
714 299
715 300
715 301
715 302
716 303
717 304
718 305
718 306
719 307
719 308
720 309
720 310
721 311
721 312
721 313
722 314
723 315
724 316
724 317
724 318
725 319
725 320
726 321
727 322
728 323
729 324
729 325
729 326
729 327
730 328
730 329
731 330
732 331
733 332
733 333
733 334
734 335
735 336
735 337
736 338
736 339
737 340
737 341
738 342
738 343
739 344
739 345
740 346
741 347
741 348
741 349
742 350
743 351
744 352
744 353
745 354
746 355
746 356
747 357
747 358
748 359
748 360
749 361
750 362
751 363
752 364
752 365
752 366
753 367
754 368
755 369
755 370
756 371
756 372
757 373
758 374
758 375
758 376
759 377
760 378
761 379
761 380
762 381
763 382
764 383
764 384
765 385
766 386
767 387
768 388
769 389
769 390
770 391
770 392
771 393
771 394
772 395
773 396
774 397
775 398
776 399
777 400
777 401
777 402
777 403
778 404
779 405
780 405
781 406
781 407
782 408
782 409
783 410
784 411
785 412
785 413
786 414
786 415
787 416
787 417
788 418
789 419
789 420
790 421
790 422
791 423
792 424
793 425
794 426
794 427
795 428
796 429
797 430
797 431
798 432
798 433
799 434
800 435
801 436
801 437
802 438
802 439
803 440
804 441
805 442
806 443
807 444
808 445
808 446
809 447
810 448
810 449
811 450
812 451
813 452
814 453
815 454
815 455
816 456
817 457
818 458
819 459
820 460
820 461
821 462
821 463
822 464
822 465
823 466
824 467
825 468
826 469
827 470
828 471
829 472
829 473
830 474
830 475
831 476
832 477
833 478
834 479
835 480
836 481
836 482
837 483
838 484
838 485
839 486
840 487
841 488
841 489
841 490
842 491
843 492
844 493
844 494
845 495
846 496
846 497
847 498
848 499
849 500
849 501
850 502
851 503
852 504
853 505
853 506
853 507
854 508
855 509
855 510
855 511
856 512
857 513
857 514
858 515
859 516
859 517
860 518
861 519
861 520
862 521
863 522
863 523
863 524
864 525
864 526
865 527
866 528
867 529
867 530
868 531
868 532
868 533
869 534
870 534
870 535
871 536
871 537
872 538
872 539
873 540
873 541
874 542
874 543
875 544
876 545
876 546
877 547
878 548
878 549
878 550
879 551
880 552
880 553
881 554
881 555
881 556
882 557
882 558
883 559
883 560
884 561
884 562
885 563
885 564
886 565
886 566
887 567
887 568
888 569
888 570
888 571
889 572
889 573
890 574
890 575
891 576
891 577
891 578
891 579
892 580
893 581
894 582
894 583
894 584
895 585
895 586
895 587
895 588
896 589
896 590
897 591
897 592
897 593
898 594
899 595
899 596
899 597
899 598
899 599
900 600
900 601
901 602
901 603
901 604
901 605
901 606
901 607
902 608
903 609
903 610
903 611
903 612
903 613
903 614
903 615
903 616
903 617
904 618
904 619
904 620
904 621
904 622
904 623
904 624
904 625
905 626
905 627
905 628
906 629
906 630
906 631
906 632
906 633
906 634
906 635
906 636
906 637
906 638
906 639
906 640
906 641
906 642
906 643
906 644
906 645
906 646
906 647
906 648
906 649
906 650
906 651
906 652
906 653
906 654
906 655
906 656
906 657
906 658
906 659
906 660
906 661
906 662
906 663
906 664
906 665
906 666
906 667
906 668
906 669
906 670
906 671
906 672
906 673
906 674
906 675
906 676
906 677
906 678
906 679
906 680
906 681
906 682
906 683
906 684
906 685
906 686
906 687
906 688
906 689
906 690
906 691
906 692
906 693
906 694
906 695
906 696
906 697
906 698
906 699
906 700
906 701
906 702
906 703
906 704
906 705
906 706
906 707
906 708
906 709
906 710
906 711
906 712
906 713
906 714
906 715
906 716
906 717
906 718
906 719
906 720
906 721
906 722
906 723
906 724
906 725
906 726
906 727
906 728
906 729
906 730
906 731
906 732
906 733
906 734
906 735
906 736
906 737
906 738
906 739
906 740
906 741
906 742
906 743
906 744
906 745
906 746
906 747
906 748
906 749
906 750
906 751
906 752
906 753
906 754
906 755
906 756
906 757
906 758
906 759
906 760
906 761
906 762
906 763
906 764
906 765
906 766
906 767
906 768
906 769
906 770
906 771
906 772
906 773
906 774
906 775
906 776
906 777
906 778
906 779
906 780
906 781
906 782
906 783
906 784
906 785
906 786
906 787
906 788
906 789
906 790
906 791
906 792
906 793
906 794
906 795
906 796
906 797
906 798
906 799
905 800
905 801
905 802
905 803
905 804
905 805
905 806
905 807
905 808
905 809
905 810
905 811
905 812
905 813
905 814
905 815
905 816
905 817
905 818
905 819
904 820
904 821
904 822
904 823
904 824
904 825
903 826
903 827
903 828
903 829
903 830
903 831
903 832
903 833
903 834
903 835
903 836
903 837
903 838
903 839
903 840
902 841
902 842
902 843
901 844
901 845
901 846
901 847
901 848
901 849
901 850
901 851
901 852
901 853
901 854
900 855
900 856
900 857
900 858
900 859
899 860
899 861
899 862
899 863
899 864
898 865
898 866
898 867
898 868
898 869
898 870
897 871
897 872
897 873
897 874
896 875
896 876
896 877
895 878
895 879
895 880
895 881
894 882
894 883
894 884
894 885
894 886
893 887
893 888
893 889
892 890
892 891
892 892
891 893
891 894
891 895
891 896
890 897
890 898
890 899
890 900
889 901
889 902
889 903
888 904
888 905
888 906
887 907
887 908
887 909
886 910
886 911
885 912
884 913
884 914
884 915
884 916
883 917
882 918
882 919
881 920
881 921
880 922
879 923
878 924
878 925
878 926
877 927
877 928
876 929
875 930
874 931
874 932
873 933
872 934
872 935
871 936
871 937
870 938
869 939
868 939
867 940
867 941
866 942
865 943
864 944
864 945
863 946
862 947
861 948
860 949
859 950
858 951
858 952
857 953
856 954
855 955
854 955
853 956
852 957
852 958
851 959
850 960
849 961
848 962
847 963
846 964
845 964
844 965
844 966
843 967
842 968
841 969
840 969
839 970
838 970
837 971
836 972
836 973
835 974
834 975
833 976
832 976
831 977
830 977
829 978
828 979
827 980
826 981
825 982
824 983
823 983
822 984
821 985
820 985
819 986
818 987
817 988
816 988
815 989
814 990
813 991
812 992
811 993
810 993
809 994
808 995
807 996
806 997
805 998
804 998
803 998
802 999
801 1000
800 1001
799 1002
798 1003
797 1004
796 1004
795 1005
794 1005
793 1006
792 1007
791 1008
790 1009
789 1009
788 1010
787 1010
786 1011
785 1012
784 1013
783 1014
782 1015
781 1016
780 1016
779 1017
778 1018
777 1018
776 1019
775 1020
774 1021
773 1022
772 1023
771 1024
770 1025
769 1025
768 1026
768 1027
767 1028
766 1029
765 1029
764 1030
763 1031
762 1032
761 1032
760 1033
759 1034
758 1035
757 1036
756 1037
755 1038
754 1038
753 1039
752 1040
751 1040
750 1041
749 1041
748 1042
747 1042
746 1043
745 1044
744 1045
743 1046
742 1046
741 1047
740 1047
739 1048
738 1049
737 1049
736 1050
735 1050
734 1051
733 1052
732 1052
731 1053
730 1053
729 1053
728 1053
727 1054
726 1054
725 1055
724 1055
723 1056
722 1056
721 1057
720 1057
719 1057
718 1058
717 1059
716 1059
715 1059
714 1060
713 1060
712 1060
711 1061
710 1061
709 1062
708 1063
707 1063
706 1064
705 1064
704 1064
703 1064
702 1065
701 1066
700 1066
699 1067
698 1067
697 1067
696 1067
695 1068
694 1068
693 1068
692 1068
691 1069
690 1070
689 1070
688 1070
687 1071
686 1071
685 1071
684 1072
683 1072
682 1072
681 1072
680 1072
679 1072
678 1073
677 1073
676 1074
675 1074
674 1074
673 1074
672 1074
671 1074
670 1075
669 1075
668 1075
667 1075
666 1075
665 1075
664 1075
663 1075
662 1076
661 1076
660 1076
659 1076
658 1076
657 1076
656 1076
655 1076
654 1076
653 1076
652 1076
651 1076
650 1076
649 1076
648 1076
647 1076
646 1076
645 1076
644 1076
643 1076
642 1076
641 1076
640 1076
639 1076
638 1076
637 1076
636 1076
635 1076
634 1076
633 1076
632 1076
631 1076
630 1076
629 1076
628 1076
627 1076
626 1076
625 1076
624 1076
623 1076
622 1076
621 1076
620 1076
619 1076
618 1076
617 1076
616 1076
615 1075
614 1075
613 1075
612 1075
611 1075
610 1075
609 1075
608 1075
607 1075
606 1075
605 1075
604 1075
603 1075
602 1075
601 1075
600 1075
599 1075
598 1075
597 1074
596 1074
595 1074
594 1074
593 1074
592 1074
591 1073
590 1073
589 1073
588 1073
587 1073
586 1073
585 1073
584 1072
583 1072
582 1072
581 1072
580 1072
579 1072
578 1072
577 1072
576 1072
575 1071
574 1071
573 1071
572 1071
571 1071
570 1070
569 1070
568 1070
567 1070
566 1070
565 1070
564 1070
563 1070
562 1069
561 1069
560 1069
559 1069
558 1068
557 1068
556 1068
555 1068
554 1067
553 1067
552 1067
551 1067
550 1067
549 1067
548 1067
547 1066
546 1066
545 1066
544 1065
543 1065
542 1065
541 1064
540 1064
539 1064
538 1064
537 1064
536 1063
535 1063
534 1063
533 1063
532 1063
531 1062
530 1062
529 1062
528 1062
527 1062
526 1062
525 1061
524 1061
523 1060
522 1060
521 1060
520 1060
519 1060
518 1060
517 1059
516 1059
515 1059
514 1059
513 1058
512 1058
511 1057
510 1057
509 1057
508 1057
507 1057
506 1056
505 1055
504 1055
503 1055
502 1055
501 1055
500 1054
499 1054
498 1054
497 1054
496 1053
495 1053
494 1053
493 1052
492 1051
491 1051
490 1051
489 1050
488 1050
487 1050
486 1049
485 1049
484 1049
483 1049
482 1048
481 1048
480 1048
479 1047
478 1047
477 1047
476 1047
475 1046
474 1046
473 1046
472 1045
471 1045
470 1045
469 1045
468 1045
467 1045
466 1044
465 1044
464 1044
463 1044
462 1044
461 1044
460 1043
459 1042
458 1041
457 1041
456 1041
455 1041
454 1041
453 1041
452 1041
451 1040
450 1040
449 1039
448 1039
447 1039
446 1038
445 1038
444 1037
443 1037
442 1037
441 1037
440 1037
439 1037
438 1036
437 1036
436 1036
435 1035
434 1035
433 1034
432 1034
431 1034
430 1033
429 1033
428 1033
427 1033
426 1032
425 1032
424 1032
423 1032
422 1032
421 1031
420 1031
419 1030
418 1030
417 1030
416 1029
415 1029
414 1029
413 1028
412 1028
411 1027
410 1027
409 1027
408 1027
407 1026
406 1026
405 1025
404 1025
403 1025
402 1024
401 1023
400 1023
399 1023
398 1023
397 1022
396 1022
395 1021
394 1020
393 1020
392 1019
391 1018
390 1018
389 1018
388 1018
387 1017
386 1017
385 1016
384 1016
383 1015
382 1015
381 1014
380 1014
379 1013
378 1012
377 1012
376 1012
375 1011
374 1011
373 1010
372 1009
371 1008
370 1008
369 1008
368 1007
367 1007
366 1006
365 1005
364 1004
363 1004
362 1004
361 1003
360 1003
359 1002
358 1001
357 1000
356 1000
355 1000
354 999
353 998
352 997
351 997
350 996
349 996
348 995
347 994
346 993
345 993
344 993
343 992
342 991
341 991
340 990
339 989
338 989
337 988
336 987
335 986
334 985
333 984
332 984
331 983
330 983
329 982
328 981
327 980
326 980
325 980
324 979
323 978
322 977
321 976
320 975
319 974
318 974
317 973
316 972
315 972
314 971
313 971
312 970
311 969
311 968
310 967
309 967
308 966
307 965
306 964
305 963
304 963
303 962
302 961
301 960
300 959
299 959
298 958
297 957
296 957
295 956
294 956
293 955
292 954
291 953
290 952
289 952
288 951
287 950
287 949
286 948
285 947
284 946
283 945
282 945
281 944
280 943
279 942
278 942
277 941
276 940
275 939
274 939
273 938
272 937
272 936
271 935
270 935
269 934
268 933
267 932
266 931
265 930
264 929
263 928
262 927
261 926
260 926
259 925
258 924
257 923
256 922
255 921
254 920
253 919
252 918
251 917
250 916
249 915
248 914
247 913
246 912
245 911
244 910
243 909
242 908
241 907
240 906
239 905
238 904
237 903
236 902
235 901
234 900
233 899
232 898
231 897
230 896
230 895
229 894
228 893
227 892
226 891
225 890
224 889
223 888
223 887
222 886
221 885
220 884
219 883
218 882
218 881
217 880
216 879
215 878
214 877
213 876
212 875
211 874
211 873
211 872
210 871
209 870
208 869
207 868
207 867
206 866
206 865
205 864
204 863
203 862
202 861
201 860
201 859
201 858
200 857
200 856
199 855
198 854
197 853
197 852
196 851
195 850
195 849
195 848
194 847
193 846
193 845
192 844
192 843
191 842
191 841
190 840
190 839
189 838
189 837
188 836
188 835
188 834
187 833
186 832
186 831
185 830
185 829
184 828
183 827
183 826
183 825
183 824
183 823
182 822
181 821
180 820
180 819
180 818
179 817
179 816
178 815
178 814
178 813
177 812
176 811
176 810
176 809
176 808
175 807
174 806
174 805
174 804
174 803
173 802
173 801
172 800
172 799
172 798
172 797
171 796
171 795
170 794
169 793
169 792
168 791
168 790
167 789
167 788
167 787
166 786
166 785
166 784
166 783
165 782
164 781
164 780
164 779
163 778
162 777
162 776
162 775
162 774
161 773
161 772
160 771
160 770
160 769
160 768
160 767
159 766
158 765
158 764
158 763
158 762
157 761
156 760
156 759
156 758
155 757
155 756
155 755
155 754
154 753
153 752
153 751
153 750
153 749
153 748
152 747
151 746
150 745
150 744
150 743
150 742
149 741
149 740
149 739
148 738
148 737
148 736
147 735
147 734
147 733
146 732
146 731
145 730
145 729
145 728
145 727
144 726
144 725
143 724
143 723
143 722
143 721
142 720
142 719
142 718
141 717
141 716
141 715
140 714
140 713
140 712
140 711
139 710
139 709
139 708
139 707
138 706
138 705
138 704
137 703
137 702
137 701
136 700
136 699
135 698
135 697
135 696
134 695
134 694
134 693
134 692
133 691
133 690
133 689
132 688
132 687
132 686
132 685
131 684
131 683
131 682
131 681
130 680
129 679
129 678
129 677
129 676
129 675
128 674
128 673
127 672
127 671
127 670
127 669
126 668
126 667
125 666
125 665
125 664
125 663
125 662
124 661
124 660
123 659
123 658
123 657
123 656
123 655
122 654
121 653
121 652
121 651
121 650
120 649
120 648
120 647
120 646
120 645
120 644
119 643
119 642
119 641
118 640
118 639
117 638
117 637
117 636
117 635
116 634
116 633
116 632
116 631
116 630
116 629
115 628
114 627
114 626
114 625
114 624
114 623
114 622
113 621
113 620
113 619
113 618
113 617
113 616
112 615
112 614
111 613
111 612
111 611
111 610
111 609
111 608
111 607
110 606
109 605
109 604
109 603
109 602
109 601
109 600
108 599
108 598
108 597
107 596
106 595
106 594
106 593
106 592
106 591
106 590
105 589
105 588
105 587
105 586
105 585
105 584
104 583
104 582
103 581
103 580
103 579
103 578
102 577
102 576
102 575
101 574
101 573
101 572
101 571
101 570
101 569
101 568
100 567
99 566
99 565
99 564
99 563
98 562
98 561
98 560
97 559
97 558
96 557
96 556
96 555
96 554
96 553
96 552
95 551
95 550
94 549
94 548
94 547
94 546
94 545
93 544
93 543
92 542
92 541
92 540
92 539
92 538
91 537
91 536
91 535
91 534
91 533
90 532
89 531
89 530
89 529
89 528
89 527
88 526
88 525
88 524
88 523
88 522
88 521
87 520
87 519
86 518
86 517
86 516
86 515
85 514
85 513
85 512
85 511
85 510
84 509
84 508
84 507
84 506
83 505
83 504
82 503
82 502
82 501
82 500
82 499
82 498
81 497
81 496
81 495
81 494
81 493
80 492
80 491
79 490
79 489
79 488
79 487
78 486
78 485
78 484
78 483
77 482
76 481
76 480
76 479
76 478
76 477
76 476
76 475
75 474
75 473
75 472
74 471
74 470
74 469
74 468
73 467
73 466
73 465
73 464
72 463
72 462
72 461
72 460
71 459
71 458
71 457
71 456
71 455
70 454
70 453
70 452
69 451
69 450
69 449
69 448
68 447
68 446
68 445
68 444
68 443
68 442
68 441
67 440
67 439
67 438
67 437
66 436
66 435
66 434
66 433
65 432
65 431
65 430
65 429
65 428
64 427
64 426
63 425
63 424
63 423
63 422
62 421
62 420
62 419
62 418
61 417
60 416
60 415
60 414
60 413
59 412
59 411
59 410
59 409
59 408
58 407
58 406
58 405
57 404
57 403
57 402
56 401
56 400
56 399
56 398
55 397
55 396
55 395
55 394
54 393
54 392
54 391
53 390
53 389
53 388
53 387
53 386
52 385
52 384
52 383
52 382
51 381
51 380
51 379
51 378
51 377
51 376
51 375
50 374
50 373
49 372
49 371
49 370
49 369
48 368
48 367
48 366
48 365
48 364
48 363
47 362
47 361
47 360
47 359
46 358
46 357
46 356
46 355
45 354
45 353
45 352
45 351
45 350
45 349
45 348
45 347
45 346
45 345
45 344
45 343
45 342
45 341
45 340
45 339
45 338
45 337
45 336
45 335
45 334
45 333
45 332
45 331
45 330
45 329
45 328
45 327
45 326
45 325
45 324
45 323
45 322
45 321
45 320
45 319
45 318
45 317
45 316
45 315
45 314
45 313
45 312
45 311
45 310
45 309
46 308
46 307
46 306
46 305
46 304
46 303
46 302
46 301
46 300
47 299
47 298
47 297
47 296
48 295
48 294
49 293
49 292
49 291
49 290
49 289
49 288
50 287
50 286
50 285
51 284
51 283
52 282
52 281
52 280
53 279
53 278
53 277
54 276
54 275
54 274
55 273
55 272
56 271
56 270
57 269
57 268
57 267
57 266
58 265
58 264
58 263
59 262
59 261
60 260
60 259
61 258
61 257
61 256
62 255
62 254
63 253
63 252
63 251
64 250
64 249
64 248
65 247
65 246
66 245
67 244
67 243
67 242
67 241
68 240
68 239
69 238
70 237
70 236
71 235
71 234
71 233
72 232
72 231
73 231
74 230
74 229
74 228
75 227
75 226
76 225
77 224
77 223
78 222
78 221
79 220
80 219
80 218
81 217
82 216
82 215
83 214
83 213
84 212
85 211
85 210
86 209
87 208
87 207
88 206
89 205
90 204
90 203
91 202
92 201
92 200
93 199
93 198
94 198
95 197
95 196
96 195
97 194
97 193
98 192
98 191
99 190
100 189
100 188
101 187
102 186
102 185
103 185
104 184
104 183
105 182
105 181
106 180
106 179
107 179
108 178
109 177
109 176
110 175
110 174
111 173
112 172
112 171
113 170
114 169
114 168
115 167
116 166
116 165
117 165
118 164
119 163
119 162
120 162
121 161
122 160
123 159
124 158
125 157
126 156
126 155
127 155
128 154
129 153
130 152
131 151
132 151
133 150
133 149
134 149
135 148
136 147
137 146
137 145
138 145
139 144
140 143
141 142
141 141
142 141
143 140
144 139
145 138
146 137
147 136
148 135
149 134
149 133
150 133
151 132
152 131
153 131
154 130
155 129
156 128
157 127
158 127
159 126
160 125
161 124
162 124
163 123
164 123
165 122
166 121
167 121
168 120
169 119
170 119
171 118
172 118
173 117
174 117
175 116
176 116
177 115
178 115
179 114
180 113
181 113
182 112
183 112
184 112
185 112
186 111
187 111
188 110
189 110
190 109
191 109
192 108
193 108
194 108
195 107
196 107
197 106
198 106
199 105
200 105
201 104
202 104
203 103
204 103
205 103
206 102
207 102
208 101
209 101
210 100
211 100
212 100
213 99
214 99
215 98
216 98
217 98
218 98
219 97
220 96
221 96
222 95
223 95
224 94
225 94
226 93
227 93
228 93
229 92
230 92
231 91
232 91
233 90
234 90
235 89
236 89
237 88
238 88
239 87
240 87
241 86
242 86
243 85
244 85
245 84
246 84
247 84
248 83
249 83
250 82
251 82
252 81
253 80
254 80
255 79
256 79
257 79
258 78
259 78
260 77
261 77
262 77
263 76
264 76
265 76
266 75
267 75
268 74
269 74
270 74
271 74
272 73
273 73
274 73
275 72
276 72
277 72
278 71
279 71
280 71
281 70
282 70
283 69
284 69
285 69
286 69
287 69
288 68
289 68
290 68
291 67
292 67
293 67
294 66
295 66
296 65
297 65
298 65
299 65
300 64
301 64
302 63
303 63
304 63
305 63
306 62
307 62
308 62
309 62
310 61
311 61
312 61
313 61
314 60
315 60
316 59
317 59
318 59
319 59
320 58
321 58
322 58
323 58
324 57
325 57
326 57
327 57
328 56
329 56
330 56
331 56
332 55
333 55
334 55
335 55
336 55
337 55
338 55
339 54
340 54
341 54
342 54
343 54
344 54
345 54
346 54
347 53
348 53
349 53
350 53
351 53
352 53
353 53
354 53
355 53
