182 39
183 39
184 39
185 39
186 39
187 39
188 39
189 39
190 39
191 39
192 40
193 40
194 41
195 42
196 42
197 42
198 42
199 43
200 43
201 43
202 43
203 43
204 43
205 43
206 43
207 43
208 43
209 43
210 43
211 43
212 43
213 43
214 43
215 43
216 43
217 43
218 43
219 43
220 43
221 43
222 43
223 43
224 44
225 44
226 45
227 45
228 46
229 46
230 47
231 47
232 48
233 48
234 49
235 49
236 50
237 50
238 51
239 51
240 52
241 52
242 53
243 54
244 54
245 55
246 55
247 55
248 56
249 56
250 57
251 58
252 58
253 59
254 59
255 60
256 60
257 61
258 62
259 63
260 63
261 64
262 64
263 65
264 66
265 66
266 67
267 68
268 69
269 70
270 71
270 72
271 73
272 74
273 75
274 76
274 77
274 78
275 79
275 80
276 81
276 82
276 83
276 84
277 85
277 86
277 87
277 88
278 89
278 90
279 91
279 92
279 93
279 94
280 95
280 96
280 97
280 98
280 99
280 100
281 101
281 102
281 103
281 104
281 105
281 106
281 107
281 108
281 109
281 110
281 111
281 112
281 113
281 114
281 115
281 116
281 117
281 118
281 119
281 120
281 121
281 122
281 123
281 124
281 125
281 126
281 127
281 128
281 129
282 130
282 131
282 132
283 133
283 134
283 135
283 136
284 137
284 138
284 139
284 140
284 141
285 142
285 143
285 144
285 145
285 146
286 147
287 148
287 149
287 150
287 151
287 152
288 153
288 154
288 155
289 156
289 157
289 158
289 159
289 160
290 161
291 162
291 163
291 164
291 165
292 166
292 167
292 168
292 169
292 170
292 171
292 172
293 173
293 174
293 175
293 176
293 177
293 178
294 179
294 180
295 181
295 182
295 183
295 184
295 185
296 186
296 187
296 188
296 189
297 190
297 191
297 192
297 193
297 194
297 195
297 196
297 197
297 198
297 199
297 200
297 201
297 202
297 203
297 204
297 205
297 206
297 207
297 208
297 209
297 210
297 211
297 212
297 213
297 214
297 215
297 216
297 217
297 218
297 219
297 220
297 221
297 222
297 223
296 224
296 225
296 226
296 227
296 228
296 229
296 230
296 231
295 232
295 233
295 234
295 235
295 236
295 237
295 238
294 239
294 240
294 241
293 242
293 243
293 244
292 245
292 246
292 247
291 248
291 249
290 250
290 251
290 252
289 253
288 254
287 255
287 256
287 257
286 258
285 259
285 260
284 261
283 262
283 263
282 264
282 265
281 266
280 267
279 268
279 269
278 270
277 271
276 272
276 273
276 274
275 275
274 276
273 277
273 278
272 279
271 280
271 281
270 282
269 283
268 284
268 285
267 286
266 287
265 287
264 288
263 288
262 289
261 289
260 289
259 290
258 291
257 291
256 291
255 292
254 292
253 292
252 292
251 292
250 292
249 292
248 293
247 293
246 293
245 293
244 293
243 293
242 293
241 293
240 293
239 293
238 293
237 293
236 293
235 293
234 293
233 293
232 293
231 293
230 293
229 293
228 293
227 293
226 293
225 293
224 293
223 293
222 293
221 293
220 293
219 292
218 292
217 292
216 292
215 292
214 292
213 292
212 292
211 292
210 292
209 292
208 292
207 292
206 292
205 291
204 291
203 291
202 291
201 291
200 291
199 291
198 291
197 291
196 291
195 290
194 290
193 290
192 290
191 289
190 289
189 289
188 289
187 289
186 289
185 289
184 288
183 288
182 288
181 288
180 288
179 287
178 287
177 287
176 287
175 287
174 287
173 287
172 287
171 287
170 286
169 286
168 286
167 285
166 285
165 285
164 285
163 284
162 284
161 284
160 284
159 284
158 284
157 283
156 283
155 282
154 282
153 282
152 282
151 281
150 281
149 281
148 280
147 280
146 279
145 279
144 279
143 279
142 279
141 279
140 278
139 278
138 277
137 276
136 276
135 276
134 276
133 275
132 275
131 274
130 274
129 273
128 272
127 272
126 271
125 271
124 270
123 269
122 268
121 268
120 267
119 266
118 265
117 265
116 264
115 263
114 262
113 262
112 261
111 260
110 259
109 258
108 257
107 256
106 255
105 255
104 254
103 253
102 252
101 251
100 250
99 249
98 248
97 247
96 246
95 245
94 244
93 243
92 242
91 241
90 240
89 239
88 238
87 237
86 236
85 235
84 234
83 233
82 232
82 231
81 230
80 229
79 228
79 227
78 226
78 225
77 224
76 223
76 222
75 221
74 220
73 219
73 218
72 217
72 216
72 215
71 214
70 213
69 212
69 211
68 210
67 209
67 208
67 207
66 206
65 205
65 204
65 203
64 202
63 201
63 200
62 199
62 198
61 197
61 196
61 195
61 194
60 193
60 192
59 191
59 190
59 189
58 188
58 187
58 186
58 185
58 184
58 183
58 182
58 181
58 180
58 179
58 178
58 177
58 176
58 175
58 174
58 173
58 172
58 171
58 170
58 169
58 168
58 167
58 166
58 165
58 164
58 163
58 162
58 161
58 160
58 159
58 158
58 157
58 156
59 155
59 154
59 153
59 152
59 151
60 150
60 149
60 148
60 147
60 146
60 145
60 144
61 143
61 142
62 141
62 140
62 139
63 138
63 137
63 136
64 135
64 134
64 133
65 132
65 131
66 130
67 129
67 128
68 127
68 126
69 125
69 124
70 123
70 122
71 121
72 120
72 119
73 118
74 117
74 116
75 115
75 114
76 113
76 112
77 111
78 110
79 109
79 108
80 107
80 106
81 105
81 104
82 103
83 102
84 101
85 100
85 99
86 98
87 97
87 96
88 96
89 95
89 94
90 94
91 93
91 92
92 91
93 90
94 89
95 88
96 87
97 86
98 86
99 85
100 84
101 83
102 83
103 82
104 81
105 80
106 79
107 78
108 77
109 76
110 76
111 75
112 74
113 74
114 73
115 72
116 71
117 71
118 70
119 69
120 69
121 68
122 67
123 66
124 66
125 65
126 65
127 64
128 63
129 63
130 62
131 62
132 61
133 61
134 60
135 59
136 59
137 58
138 58
139 57
140 57
141 56
142 55
143 55
144 54
145 54
146 54
147 53
148 53
149 52
150 52
151 51
152 51
153 50
154 50
155 50
156 49
157 49
158 48
159 47
160 47
161 46
162 46
163 45
164 45
165 45
166 44
167 44
168 44
169 43
170 43
171 42
172 42
173 42
174 41
175 41
176 41
177 41
178 40
179 40
180 40
181 40
