518 58
518 59
517 59
516 59
515 60
514 60
513 60
512 61
511 61
510 61
509 62
508 63
507 64
506 64
505 65
504 66
503 67
502 68
501 68
500 69
499 70
498 71
498 72
497 73
496 74
496 75
496 76
495 76
494 76
493 76
492 76
491 76
490 76
489 76
488 76
487 76
486 76
485 76
484 76
483 76
482 76
481 76
480 76
479 76
478 76
477 76
476 76
475 76
474 76
473 76
472 76
471 77
470 77
469 77
468 78
467 78
466 78
465 78
464 78
463 79
462 79
461 79
460 80
459 80
458 80
457 80
456 81
455 81
454 82
453 83
452 83
451 83
450 84
449 84
448 85
447 85
446 86
445 86
444 87
443 87
442 88
441 88
440 89
439 90
438 90
437 90
436 91
435 92
434 92
433 92
432 93
432 94
431 94
430 95
429 95
428 96
427 96
426 97
425 98
424 98
423 98
422 99
421 100
420 101
419 101
418 102
417 102
416 103
415 103
414 104
414 105
413 105
412 106
411 106
410 107
409 107
408 108
407 108
406 109
405 110
404 110
403 111
403 112
402 113
401 113
400 113
399 114
398 115
397 116
396 116
395 117
394 117
393 118
393 119
392 119
391 119
390 120
389 121
388 122
387 123
386 124
385 124
384 125
383 126
382 127
381 128
380 129
379 129
378 130
377 130
376 131
375 132
375 133
374 133
373 134
373 135
372 135
371 136
370 136
369 137
369 138
368 138
367 139
366 139
365 140
364 141
363 141
362 142
362 143
361 144
360 144
359 145
358 146
357 147
356 148
355 148
354 149
353 150
352 151
351 151
350 152
349 153
348 154
347 155
347 156
346 156
345 156
344 157
343 158
343 159
342 159
341 160
340 160
339 161
338 162
337 163
336 164
335 165
334 165
333 166
332 167
332 168
331 169
330 169
329 170
329 171
328 172
327 173
327 174
326 174
325 175
325 176
324 177
323 178
322 178
321 179
321 180
320 181
319 182
319 183
318 184
317 185
317 186
316 187
315 188
314 189
313 190
313 191
312 192
311 193
311 194
310 194
309 195
309 196
308 197
307 198
306 199
305 200
305 201
304 202
303 203
303 204
302 204
301 205
301 206
301 207
300 207
299 207
298 208
298 209
297 210
297 211
297 212
296 212
295 213
295 214
294 215
293 216
293 217
292 218
291 219
291 220
290 221
289 222
288 223
287 224
287 225
286 226
286 227
285 228
284 229
284 230
283 231
282 232
281 233
281 234
281 235
280 236
279 237
279 238
278 239
277 240
277 241
276 242
276 243
275 244
275 245
274 246
274 247
273 248
272 249
272 250
271 251
271 252
270 253
270 254
269 255
269 256
268 257
268 258
268 259
267 259
266 260
266 261
266 262
265 263
265 264
265 265
264 266
263 267
263 268
263 269
262 270
261 271
261 272
260 273
260 274
260 275
259 276
259 277
259 278
258 278
257 279
257 280
257 281
256 282
256 283
255 284
255 285
254 286
254 287
254 288
254 289
253 289
252 290
252 291
252 292
251 293
251 294
251 295
250 295
249 296
249 297
249 298
248 299
248 300
247 301
247 302
246 303
246 304
245 305
245 306
244 307
244 308
244 309
243 310
243 311
243 312
242 313
242 314
241 315
241 316
241 317
241 318
240 319
240 320
239 321
238 322
238 323
238 324
238 325
237 326
237 327
236 328
235 329
235 330
235 331
235 332
234 333
234 334
234 335
234 336
233 337
233 338
232 339
232 340
231 341
231 342
231 343
230 344
230 345
230 346
229 347
228 348
228 349
228 350
228 351
227 352
227 353
227 354
226 355
226 356
225 357
225 358
224 359
224 360
223 361
223 362
223 363
222 364
222 365
222 366
222 367
222 368
221 369
220 370
220 371
219 372
219 373
219 374
218 375
218 376
218 377
218 378
217 379
217 380
217 381
216 382
216 383
216 384
215 385
215 386
215 387
215 388
214 389
214 390
214 391
213 392
213 393
213 394
213 395
212 396
212 397
212 398
211 399
211 400
211 401
210 402
210 403
210 404
210 405
210 406
209 407
209 408
209 409
209 410
208 411
208 412
208 413
208 414
208 415
207 416
207 417
207 418
207 419
206 420
206 421
206 422
206 423
205 424
205 425
205 426
205 427
205 428
205 429
205 430
204 431
204 432
204 433
204 434
203 435
203 436
203 437
203 438
202 439
202 440
202 441
202 442
202 443
201 444
201 445
201 446
201 447
201 448
200 449
200 450
200 451
199 452
199 453
199 454
199 455
199 456
199 457
199 458
198 459
198 460
198 461
198 462
198 463
197 464
197 465
196 466
196 467
196 468
196 469
196 470
196 471
195 472
195 473
195 474
195 475
195 476
194 477
194 478
194 479
194 480
194 481
194 482
194 483
194 484
193 485
193 486
193 487
193 488
192 489
192 490
192 491
192 492
192 493
192 494
191 495
191 496
191 497
191 498
191 499
191 500
191 501
191 502
191 503
191 504
190 505
190 506
190 507
190 508
190 509
189 510
189 511
189 512
189 513
189 514
189 515
189 516
189 517
189 518
189 519
189 520
189 521
189 522
189 523
189 524
189 525
189 526
188 527
188 528
188 529
188 530
188 531
188 532
188 533
188 534
188 535
188 536
188 537
188 538
188 539
188 540
188 541
188 542
188 543
188 544
188 545
188 546
188 547
188 548
188 549
188 550
188 551
188 552
188 553
188 554
188 555
188 556
188 557
188 558
188 559
188 560
187 561
187 562
187 563
187 564
187 565
187 566
187 567
187 568
187 569
187 570
187 571
187 572
187 573
187 574
187 575
187 576
187 577
187 578
187 579
187 580
187 581
187 582
187 583
187 584
187 585
187 586
187 587
187 588
187 589
187 590
187 591
187 592
187 593
187 594
188 595
188 596
188 597
188 598
188 599
188 600
188 601
188 602
188 603
188 604
189 605
189 606
189 607
189 608
189 609
189 610
189 611
189 612
189 613
189 614
189 615
190 616
190 617
190 618
190 619
190 620
191 621
191 622
191 623
191 624
191 625
191 626
191 627
191 628
192 629
192 630
192 631
192 632
192 633
193 634
193 635
193 636
193 637
193 638
193 639
193 640
193 641
193 642
194 643
194 644
194 645
194 646
194 647
194 648
194 649
195 650
195 651
196 652
196 653
196 654
196 655
196 656
197 657
197 658
197 659
197 660
197 661
197 662
198 663
198 664
199 665
199 666
199 667
199 668
200 669
200 670
200 671
201 672
201 673
201 674
201 675
202 676
202 677
202 678
203 679
203 680
204 681
204 682
204 683
204 684
205 685
205 686
205 687
205 688
206 689
206 690
206 691
207 692
207 693
208 694
209 695
209 696
209 697
209 698
209 699
210 700
210 701
210 702
210 703
211 704
211 705
211 706
212 707
212 708
213 709
213 710
214 711
214 712
214 713
214 714
215 715
215 716
215 717
216 718
216 719
216 720
217 721
217 722
218 723
218 724
218 725
218 726
219 727
220 728
220 729
221 730
221 731
221 732
221 733
222 734
223 735
223 736
223 737
224 738
224 739
225 740
225 741
225 742
226 743
226 744
227 745
227 746
228 747
228 748
229 749
230 750
230 751
230 752
231 753
232 754
232 755
232 756
233 757
234 758
234 759
235 760
236 761
237 762
237 763
237 764
238 765
238 766
239 767
240 768
241 769
241 770
242 771
242 772
243 773
244 774
244 775
245 776
246 777
246 778
247 779
247 780
247 781
248 782
249 783
250 784
250 785
251 786
252 787
252 788
252 789
253 790
252 790
252 789
253 790
252 790
252 789
253 790
252 790
252 789
253 790
252 790
252 789
253 790
252 790
252 789
253 790
252 790
252 789
253 790
252 790
252 789
253 790
252 790
252 789
253 790
252 790
252 789
253 790
252 790
252 789
253 790
252 790
252 789
253 790
252 790
252 789
253 790
252 790
252 789
253 790
252 790
252 789
253 790
252 790
252 789
253 790
252 790
252 789
253 790
252 790
252 789
253 790
252 790
252 789
253 790
252 790
252 789
253 790
252 790
252 789
253 790
252 790
252 789
253 790
252 790
252 789
253 790
252 790
252 789
253 790
252 790
252 789
253 790
252 790
252 789
253 790
252 790
252 789
253 790
252 790
252 789
253 790
252 790
252 789
253 790
252 790
252 789
253 790
252 790
252 789
253 790
252 790
252 789
253 790
252 790
252 789
253 790
252 790
252 789
253 790
252 790
252 789
253 790
252 790
252 789
253 790
252 790
252 789
253 790
252 790
252 789
253 790
252 790
252 789
253 790
252 790
252 789
253 790
252 790
252 789
253 790
252 790
252 789
253 790
252 790
252 789
253 790
252 790
252 789
253 790
252 790
252 789
253 790
252 790
252 789
253 790
252 790
252 789
253 790
252 790
252 789
253 790
252 790
252 789
253 790
252 790
252 789
253 790
252 790
252 789
253 790
252 790
252 789
253 790
252 790
252 789
253 790
252 790
252 789
253 790
252 790
252 789
253 790
252 790
252 789
253 790
252 790
252 789
253 790
252 790
252 789
253 790
252 790
252 789
253 790
252 790
252 789
253 790
252 790
252 789
253 790
252 790
252 789
253 790
252 790
252 789
253 790
252 790
252 789
253 790
252 790
252 789
253 790
252 790
252 789
253 790
252 790
252 789
253 790
252 790
252 789
253 790
252 790
252 789
253 790
252 790
252 789
253 790
252 790
252 789
253 790
252 790
252 789
253 790
252 790
252 789
253 790
252 790
252 789
253 790
252 790
252 789
253 790
252 790
252 789
253 790
252 790
252 789
253 790
252 790
252 789
253 790
252 790
252 789
253 790
252 790
252 789
253 790
252 790
252 789
253 790
252 790
252 789
253 790
252 790
252 789
253 790
252 790
252 789
253 790
252 790
252 789
253 790
252 790
252 789
253 790
252 790
252 789
253 790
252 790
252 789
253 790
252 790
252 789
253 790
252 790
252 789
253 790
252 790
252 789
253 790
252 790
252 789
253 790
252 790
252 789
253 790
252 790
252 789
253 790
252 790
252 789
253 790
252 790
252 789
253 790
252 790
252 789
253 790
252 790
252 789
253 790
252 790
252 789
253 790
252 790
252 789
253 790
252 790
252 789
253 790
252 790
252 789
253 790
252 790
252 789
253 790
252 790
252 789
253 790
252 790
252 789
253 790
252 790
252 789
253 790
252 790
252 789
253 790
252 790
252 789
253 790
252 790
252 789
253 790
252 790
252 789
253 790
252 790
252 789
253 790
252 790
252 789
253 790
252 790
252 789
253 790
252 790
252 789
253 790
252 790
252 789
253 790
252 790
252 789
253 790
252 790
252 789
253 790
252 790
252 789
253 790
252 790
252 789
253 790
252 790
252 789
253 790
252 790
252 789
253 790
252 790
252 789
253 790
252 790
252 789
253 790
252 790
252 789
253 790
252 790
252 789
253 790
252 790
252 789
253 790
252 790
252 789
253 790
252 790
252 789
253 790
252 790
252 789
253 790
252 790
252 789
253 790
252 790
252 789
253 790
252 790
252 789
253 790
252 790
252 789
253 790
252 790
252 789
253 790
252 790
252 789
253 790
252 790
252 789
253 790
252 790
252 789
253 790
252 790
252 789
253 790
252 790
252 789
253 790
252 790
252 789
253 790
252 790
252 789
253 790
252 790
252 789
253 790
252 790
252 789
253 790
252 790
252 789
253 790
252 790
252 789
253 790
252 790
252 789
253 790
252 790
252 789
253 790
252 790
252 789
253 790
252 790
252 789
253 790
252 790
252 789
253 790
252 790
252 789
253 790
252 790
252 789
253 790
252 790
252 789
253 790
252 790
252 789
253 790
252 790
252 789
253 790
252 790
252 789
253 790
252 790
252 789
253 790
252 790
252 789
253 790
252 790
252 789
253 790
252 790
252 789
253 790
252 790
252 789
253 790
252 790
252 789
253 790
252 790
252 789
253 790
252 790
252 789
253 790
252 790
252 789
253 790
252 790
252 789
253 790
252 790
252 789
253 790
252 790
252 789
253 790
252 790
252 789
253 790
252 790
252 789
253 790
252 790
252 789
253 790
252 790
252 789
253 790
252 790
252 789
253 790
252 790
252 789
253 790
252 790
252 789
253 790
252 790
252 789
253 790
252 790
252 789
253 790
252 790
252 789
253 790
252 790
252 789
253 790
252 790
252 789
253 790
252 790
252 789
253 790
252 790
252 789
253 790
252 790
252 789
253 790
252 790
252 789
253 790
252 790
252 789
253 790
252 790
252 789
253 790
252 790
252 789
253 790
252 790
252 789
253 790
252 790
252 789
253 790
252 790
252 789
253 790
252 790
252 789
253 790
252 790
252 789
253 790
252 790
252 789
253 790
252 790
252 789
253 790
252 790
252 789
253 790
252 790
252 789
253 790
252 790
252 789
253 790
252 790
252 789
253 790
252 790
252 789
253 790
252 790
252 789
253 790
252 790
252 789
253 790
252 790
252 789
253 790
252 790
252 789
253 790
252 790
252 789
253 790
252 790
252 789
253 790
252 790
252 789
253 790
252 790
252 789
253 790
252 790
252 789
253 790
252 790
252 789
253 790
252 790
252 789
253 790
252 790
252 789
253 790
252 790
252 789
253 790
252 790
252 789
253 790
252 790
252 789
253 790
252 790
252 789
253 790
252 790
252 789
253 790
252 790
252 789
253 790
252 790
252 789
253 790
252 790
252 789
253 790
252 790
252 789
253 790
252 790
252 789
253 790
252 790
252 789
253 790
252 790
252 789
253 790
252 790
252 789
253 790
252 790
252 789
253 790
252 790
252 789
253 790
252 790
252 789
253 790
252 790
252 789
253 790
252 790
252 789
253 790
252 790
252 789
253 790
252 790
252 789
253 790
252 790
252 789
253 790
252 790
252 789
253 790
252 790
252 789
253 790
252 790
252 789
253 790
252 790
252 789
253 790
252 790
252 789
253 790
252 790
252 789
253 790
252 790
252 789
253 790
252 790
252 789
253 790
252 790
252 789
253 790
252 790
252 789
253 790
252 790
252 789
253 790
252 790
252 789
253 790
252 790
252 789
253 790
252 790
252 789
253 790
252 790
252 789
253 790
252 790
252 789
253 790
252 790
252 789
253 790
252 790
252 789
253 790
252 790
252 789
253 790
252 790
252 789
253 790
252 790
252 789
253 790
252 790
252 789
253 790
252 790
252 789
253 790
252 790
252 789
253 790
252 790
252 789
253 790
252 790
252 789
253 790
252 790
252 789
253 790
252 790
252 789
253 790
252 790
252 789
253 790
252 790
252 789
253 790
252 790
252 789
253 790
252 790
252 789
253 790
252 790
252 789
253 790
252 790
252 789
253 790
252 790
252 789
253 790
252 790
252 789
253 790
252 790
252 789
253 790
252 790
252 789
253 790
252 790
252 789
253 790
252 790
252 789
253 790
252 790
252 789
253 790
252 790
252 789
253 790
252 790
252 789
253 790
252 790
252 789
253 790
252 790
252 789
253 790
252 790
252 789
253 790
252 790
252 789
253 790
252 790
252 789
253 790
252 790
252 789
253 790
252 790
252 789
253 790
252 790
252 789
253 790
252 790
252 789
253 790
252 790
252 789
253 790
252 790
252 789
253 790
252 790
252 789
253 790
252 790
252 789
253 790
252 790
252 789
253 790
252 790
252 789
253 790
252 790
252 789
253 790
252 790
252 789
253 790
252 790
252 789
253 790
252 790
252 789
253 790
252 790
252 789
253 790
252 790
252 789
253 790
252 790
252 789
253 790
252 790
252 789
253 790
252 790
252 789
253 790
252 790
252 789
253 790
252 790
252 789
253 790
252 790
252 789
253 790
252 790
252 789
253 790
252 790
252 789
253 790
252 790
252 789
253 790
252 790
252 789
253 790
252 790
252 789
253 790
252 790
252 789
253 790
252 790
252 789
253 790
252 790
252 789
253 790
252 790
252 789
253 790
252 790
252 789
253 790
252 790
252 789
253 790
252 790
252 789
253 790
252 790
252 789
253 790
252 790
252 789
253 790
252 790
252 789
253 790
252 790
252 789
253 790
252 790
252 789
253 790
252 790
252 789
253 790
252 790
252 789
253 790
252 790
252 789
253 790
252 790
252 789
253 790
252 790
252 789
253 790
252 790
252 789
253 790
252 790
252 789
253 790
252 790
252 789
253 790
252 790
252 789
253 790
252 790
252 789
253 790
252 790
252 789
253 790
252 790
252 789
253 790
252 790
252 789
253 790
252 790
252 789
253 790
252 790
252 789
253 790
252 790
252 789
253 790
252 790
252 789
253 790
252 790
252 789
253 790
252 790
252 789
253 790
252 790
252 789
253 790
252 790
252 789
253 790
252 790
252 789
253 790
252 790
252 789
253 790
252 790
252 789
253 790
252 790
252 789
253 790
252 790
252 789
253 790
252 790
252 789
253 790
252 790
252 789
253 790
252 790
252 789
253 790
252 790
252 789
253 790
252 790
252 789
253 790
252 790
252 789
253 790
252 790
252 789
253 790
252 790
252 789
253 790
252 790
252 789
253 790
252 790
252 789
253 790
252 790
252 789
253 790
252 790
252 789
253 790
252 790
252 789
253 790
252 790
252 789
253 790
252 790
252 789
253 790
252 790
252 789
253 790
252 790
252 789
253 790
252 790
252 789
253 790
252 790
252 789
253 790
252 790
252 789
253 790
252 790
252 789
253 790
252 790
252 789
253 790
252 790
252 789
253 790
252 790
252 789
253 790
252 790
252 789
253 790
252 790
252 789
253 790
252 790
252 789
253 790
252 790
252 789
253 790
252 790
252 789
253 790
252 790
252 789
253 790
252 790
252 789
253 790
252 790
252 789
253 790
252 790
252 789
253 790
252 790
252 789
253 790
252 790
252 789
253 790
252 790
252 789
253 790
252 790
252 789
253 790
252 790
252 789
253 790
252 790
252 789
253 790
252 790
252 789
253 790
252 790
252 789
253 790
252 790
252 789
253 790
252 790
252 789
253 790
252 790
252 789
253 790
252 790
