579 83
580 83
581 83
582 83
583 83
584 83
585 83
586 83
587 83
588 83
589 83
590 83
591 83
592 83
593 83
594 83
595 83
596 83
597 83
598 83
599 83
600 83
601 83
602 83
603 83
604 83
605 83
606 83
607 83
608 83
609 83
610 83
611 83
612 83
613 83
614 83
615 83
616 83
617 84
618 84
619 84
620 85
621 85
622 85
623 85
624 85
625 85
626 85
627 85
628 85
629 85
630 86
631 86
632 86
633 86
634 87
635 87
636 87
637 87
638 87
639 87
640 88
641 88
642 89
643 89
644 89
645 90
646 90
647 90
648 90
649 91
650 91
651 91
652 91
653 92
654 92
655 93
656 94
656 95
656 96
656 97
657 98
658 99
659 100
660 100
661 101
662 101
663 101
664 101
665 101
666 101
667 101
668 101
669 101
670 101
671 101
672 101
673 101
674 101
675 101
676 101
677 101
678 101
679 101
680 100
681 100
682 100
683 100
684 100
685 100
686 100
687 100
688 100
689 100
690 100
691 100
692 100
693 100
694 100
695 100
696 100
697 100
698 100
699 100
700 100
701 100
702 100
703 100
704 100
705 100
706 100
707 100
708 100
709 100
710 100
711 100
712 100
713 100
714 100
715 100
716 100
717 100
718 100
719 100
720 100
721 100
722 100
723 100
724 100
725 100
726 100
727 100
728 100
729 100
730 100
731 99
732 99
733 99
734 99
735 99
736 99
737 99
738 99
739 99
740 99
741 99
742 99
743 99
744 99
745 99
746 99
747 99
748 99
749 99
750 99
751 99
752 99
753 99
754 99
755 99
756 99
757 99
758 99
759 99
760 99
761 99
762 99
763 99
764 99
765 99
766 99
767 99
768 99
769 99
770 99
771 99
772 99
773 99
774 99
775 99
776 99
777 99
778 99
779 99
780 99
781 99
782 99
783 99
784 99
785 99
786 99
787 99
788 99
789 99
790 99
791 99
792 99
793 99
794 99
795 99
796 99
797 99
798 99
799 99
800 99
801 99
802 99
803 99
804 99
805 99
806 99
807 99
808 99
809 99
810 99
811 99
812 99
813 99
814 99
815 99
816 99
817 99
818 99
819 99
820 99
821 99
822 99
823 99
824 99
825 99
826 99
827 99
828 99
829 99
830 99
831 99
832 99
833 99
834 99
835 99
836 99
837 99
838 99
839 99
840 99
841 99
842 99
843 99
844 99
845 99
846 99
847 99
848 99
849 99
850 99
851 99
852 99
853 99
854 99
855 99
856 99
857 99
858 99
859 99
860 99
861 99
862 99
863 99
864 99
865 99
866 99
867 99
868 99
869 99
870 99
871 99
872 99
873 99
874 99
875 99
876 99
877 99
878 99
879 99
880 99
881 99
882 99
883 99
884 99
885 99
886 99
887 99
888 99
889 99
890 99
891 99
892 99
893 99
894 99
895 99
896 99
897 99
898 99
899 99
900 99
901 99
902 99
903 99
904 99
905 99
906 99
907 99
908 99
909 99
910 99
911 99
912 99
913 99
914 99
915 99
916 99
917 99
918 99
919 99
920 99
921 99
922 99
923 99
924 99
925 99
926 99
927 99
928 99
929 99
930 99
931 99
932 99
933 99
934 99
935 99
936 99
937 99
938 99
939 99
940 99
941 99
942 99
943 99
944 99
945 99
946 99
947 99
948 99
949 99
950 99
951 99
952 99
953 99
954 99
955 99
956 99
957 99
958 99
959 99
960 99
961 99
962 99
963 100
964 100
965 100
966 100
967 100
968 100
969 100
970 100
971 100
972 100
973 100
974 100
975 100
976 100
977 100
978 100
979 100
980 100
981 100
982 100
983 100
984 100
985 100
986 100
987 100
988 100
989 100
990 100
991 100
992 101
993 101
994 101
995 101
996 101
997 101
998 101
999 101
1000 101
1001 101
1002 101
1003 101
1004 101
1005 101
1006 101
1007 101
1008 101
1009 101
1010 101
1011 101
1012 101
1013 101
1014 101
1015 101
1016 101
1017 101
1018 101
1019 101
1020 101
1021 101
1022 101
1023 101
1024 101
1025 101
1026 101
1027 101
1028 101
1029 101
1030 101
1031 101
1032 101
1033 101
1034 101
1035 101
1036 101
1037 101
1038 101
1039 101
1040 102
1041 102
1042 102
1043 102
1044 102
1045 102
1046 102
1047 102
1048 102
1049 102
1050 102
1051 102
1052 103
1053 103
1054 103
1055 103
1056 103
1057 103
1058 103
1059 103
1060 103
1061 104
1062 104
1063 104
1064 104
1065 104
1066 104
1067 104
1068 104
1069 104
1070 104
1071 104
1072 104
1073 104
1074 104
1075 104
1076 104
1077 104
1078 104
1079 104
1080 104
1081 104
1082 104
1083 104
1084 104
1085 104
1086 104
1087 104
1088 104
1089 105
1090 105
1091 105
1092 105
1093 105
1094 105
1095 105
1096 105
1097 105
1098 105
1099 106
1100 106
1101 106
1102 106
1103 106
1104 106
1105 106
1106 106
1107 106
1108 106
1109 106
1110 107
1111 107
1112 107
1113 107
1114 107
1115 107
1116 107
1117 107
1118 107
1119 107
1120 107
1121 107
1122 107
1123 107
1124 107
1125 107
1126 107
1127 107
1128 108
1129 108
1130 108
1131 108
1132 108
1133 109
1134 109
1135 109
1136 109
1137 109
1138 109
1139 109
1140 109
1141 109
1142 109
1143 109
1144 109
1145 109
1146 109
1147 109
1148 109
1149 109
1150 109
1151 109
1152 109
1153 109
1154 110
1155 110
1156 111
1157 111
1158 111
1159 111
1160 111
1161 111
1162 111
1163 111
1164 111
1165 112
1166 112
1167 112
1168 112
1169 112
1170 112
1171 112
1172 112
1173 112
1174 112
1175 112
1176 112
1177 112
1178 112
1179 112
1180 112
1181 113
1182 113
1183 113
1184 113
1185 114
1186 114
1187 114
1188 114
1189 114
1190 114
1191 114
1192 114
1193 114
1194 114
1195 114
1196 115
1197 115
1198 115
1199 115
1200 115
1201 116
1202 116
1203 116
1204 116
1205 116
1206 116
1207 117
1208 117
1209 117
1210 117
1211 118
1212 118
1213 118
1214 118
1215 118
1216 118
1217 118
1218 118
1219 119
1220 119
1221 119
1222 119
1223 119
1224 120
1225 120
1226 120
1227 121
1228 121
1229 121
1230 121
1231 121
1232 121
1233 122
1234 122
1235 122
1236 123
1237 123
1238 123
1239 124
1240 124
1241 124
1242 124
1243 124
1244 125
1245 125
1246 126
1247 126
1248 126
1249 126
1250 127
1251 127
1252 127
1253 128
1254 128
1255 129
1256 129
1257 130
1258 130
1259 130
1260 130
1261 130
1262 131
1263 131
1264 132
1265 132
1266 132
1267 133
1268 133
1269 133
1270 134
1271 134
1272 135
1273 135
1274 136
1275 136
1276 137
1277 137
1278 137
1279 137
1280 138
1281 138
1282 139
1283 139
1284 139
1285 140
1286 140
1287 141
1288 141
1289 142
1290 142
1291 143
1292 143
1293 143
1294 143
1295 144
1296 144
1297 145
1298 146
1299 147
1300 147
1301 148
1302 148
1303 148
1304 149
1305 149
1306 150
1307 151
1308 151
1309 152
1310 152
1311 153
1312 153
1313 154
1314 154
1315 155
1316 155
1317 156
1318 156
1319 157
1320 157
1321 158
1322 159
1323 159
1324 160
1325 160
1326 161
1327 161
1328 162
1329 163
1330 164
1331 164
1332 165
1333 166
1334 166
1335 167
1336 167
1337 168
1338 169
1339 170
1340 170
1341 171
1342 172
1343 172
1344 173
1345 174
1346 174
1347 175
1348 176
1349 177
1350 177
1351 178
1352 179
1353 179
1354 180
1355 181
1356 182
1357 183
1358 184
1359 185
1360 186
1361 186
1362 187
1363 187
1364 188
1365 189
1366 190
1366 191
1367 192
1368 192
1369 193
1370 194
1371 194
1372 195
1373 196
1374 197
1375 197
1376 198
1376 199
1377 200
1378 200
1379 201
1380 202
1381 203
1382 204
1383 205
1384 205
1385 206
1386 207
1387 208
1388 209
1389 210
1390 211
1391 211
1392 212
1393 213
1393 214
1394 215
1395 216
1396 216
1397 217
1398 218
1398 219
1399 220
1400 221
1401 222
1402 223
1403 224
1404 225
1405 225
1406 226
1406 227
1407 228
1408 229
1409 230
1410 231
1410 232
1411 233
1412 234
1412 235
1413 236
1414 237
1415 238
1416 239
1417 240
1418 241
1419 242
1419 243
1420 244
1420 245
1421 246
1422 247
1423 248
1424 249
1424 250
1424 251
1425 252
1426 253
1427 254
1427 255
1428 256
1428 257
1429 258
1429 259
1429 260
1430 261
1431 262
1431 263
1432 264
1433 265
1433 266
1433 267
1433 268
1434 269
1435 270
1436 271
1436 272
1436 273
1437 274
1437 275
1438 276
1438 277
1439 278
1440 279
1440 280
1441 281
1441 282
1441 283
1442 284
1442 285
1443 286
1443 287
1444 288
1444 289
1445 290
1445 291
1446 292
1446 293
1446 294
1446 295
1447 296
1447 297
1447 298
1448 299
1448 300
1449 301
1449 302
1450 303
1450 304
1451 305
1451 306
1452 307
1453 308
1453 309
1453 310
1453 311
1453 312
1454 313
1454 314
1455 315
1455 316
1455 317
1455 318
1456 319
1456 320
1457 321
1457 322
1458 323
1458 324
1458 325
1458 326
1459 327
1459 328
1459 329
1460 330
1460 331
1460 332
1460 333
1460 334
1461 335
1461 336
1462 337
1462 338
1463 339
1463 340
1463 341
1463 342
1464 343
1464 344
1465 345
1465 346
1465 347
1465 348
1466 349
1466 350
1466 351
1466 352
1467 353
1468 354
1468 355
1468 356
1469 357
1469 358
1469 359
1469 360
1470 361
1470 362
1470 363
1470 364
1470 365
1471 366
1471 367
1471 368
1472 369
1473 370
1473 371
1473 372
1473 373
1474 374
1474 375
1475 376
1475 377
1476 378
1476 379
1476 380
1476 381
1477 382
1477 383
1477 384
1477 385
1478 386
1478 387
1478 388
1479 389
1479 390
1480 391
1480 392
1480 393
1480 394
1481 395
1481 396
1482 397
1483 398
1483 399
1483 400
1483 401
1484 402
1484 403
1485 404
1485 405
1486 406
1486 407
1486 408
1486 409
1486 410
1487 411
1487 412
1487 413
1487 414
1488 415
1488 416
1488 417
1488 418
1488 419
1489 420
1490 421
1490 422
1490 423
1490 424
1491 425
1491 426
1491 427
1491 428
1492 429
1492 430
1492 431
1492 432
1493 433
1494 434
1494 435
1494 436
1494 437
1494 438
1495 439
1495 440
1495 441
1496 442
1496 443
1496 444
1496 445
1497 446
1497 447
1497 448
1497 449
1497 450
1498 451
1498 452
1498 453
1499 454
1499 455
1499 456
1499 457
1500 458
1500 459
1500 460
1501 461
1501 462
1502 463
1502 464
1502 465
1502 466
1503 467
1503 468
1503 469
1504 470
1505 471
1505 472
1505 473
1505 474
1505 475
1506 476
1506 477
1506 478
1506 479
1507 480
1507 481
1507 482
1508 483
1509 484
1509 485
1509 486
1509 487
1509 488
1509 489
1510 490
1510 491
1510 492
1511 493
1511 494
1511 495
1512 496
1513 497
1513 498
1513 499
1513 500
1513 501
1514 502
1514 503
1515 504
1515 505
1515 506
1515 507
1516 508
1516 509
1516 510
1516 511
1516 512
1517 513
1517 514
1517 515
1518 516
1518 517
1518 518
1518 519
1519 520
1519 521
1520 522
1520 523
1520 524
1520 525
1521 526
1521 527
1521 528
1522 529
1522 530
1522 531
1522 532
1523 533
1523 534
1523 535
1523 536
1524 537
1524 538
1524 539
1524 540
1525 541
1525 542
1525 543
1526 544
1526 545
1526 546
1526 547
1527 548
1527 549
1527 550
1528 551
1528 552
1529 553
1529 554
1529 555
1530 556
1530 557
1531 558
1531 559
1531 560
1531 561
1532 562
1532 563
1532 564
1532 565
1532 566
1533 567
1533 568
1534 569
1534 570
1535 571
1535 572
1535 573
1535 574
1536 575
1536 576
1537 577
1537 578
1537 579
1537 580
1537 581
1538 582
1538 583
1538 584
1538 585
1539 586
1539 587
1539 588
1540 589
1540 590
1540 591
1541 592
1541 593
1541 594
1541 595
1541 596
1541 597
1541 598
1542 599
1542 600
1542 601
1543 602
1543 603
1543 604
1543 605
1543 606
1544 607
1544 608
1544 609
1544 610
1544 611
1544 612
1545 613
1545 614
1545 615
1545 616
1545 617
1545 618
1546 619
1546 620
1546 621
1546 622
1546 623
1546 624
1547 625
1547 626
1547 627
1547 628
1547 629
1548 630
1548 631
1548 632
1548 633
1549 634
1549 635
1549 636
1549 637
1549 638
1550 639
1550 640
1550 641
1550 642
1550 643
1550 644
1551 645
1551 646
1551 647
1551 648
1551 649
1551 650
1552 651
1552 652
1552 653
1552 654
1552 655
1552 656
1552 657
1552 658
1552 659
1552 660
1552 661
1552 662
1552 663
1553 664
1553 665
1553 666
1553 667
1553 668
1553 669
1553 670
1554 671
1554 672
1554 673
1554 674
1554 675
1554 676
1554 677
1554 678
1555 679
1555 680
1555 681
1555 682
1555 683
1555 684
1555 685
1555 686
1555 687
1555 688
1555 689
1555 690
1555 691
1555 692
1555 693
1555 694
1555 695
1555 696
1555 697
1555 698
1555 699
1555 700
1555 701
1555 702
1555 703
1555 704
1555 705
1555 706
1555 707
1555 708
1555 709
1555 710
1555 711
1555 712
1555 713
1555 714
1555 715
1555 716
1555 717
1555 718
1555 719
1555 720
1555 721
1555 722
1555 723
1555 724
1555 725
1555 726
1555 727
1555 728
1555 729
1555 730
1555 731
1555 732
1555 733
1555 734
1555 735
1555 736
1555 737
1555 738
1555 739
1555 740
1555 741
1555 742
1555 743
1555 744
1555 745
1555 746
1555 747
1555 748
1555 749
1555 750
1555 751
1555 752
1555 753
1555 754
1555 755
1555 756
1555 757
1555 758
1555 759
1555 760
1555 761
1555 762
1555 763
1555 764
1555 765
1555 766
1555 767
1555 768
1555 769
1555 770
1555 771
1555 772
1555 773
1554 774
1554 775
1554 776
1554 777
1554 778
1554 779
1554 780
1554 781
1554 782
1554 783
1554 784
1554 785
1554 786
1554 787
1554 788
1554 789
1554 790
1554 791
1554 792
1554 793
1554 794
1554 795
1553 796
1553 797
1553 798
1553 799
1553 800
1553 801
1553 802
1553 803
1553 804
1553 805
1553 806
1553 807
1553 808
1553 809
1553 810
1553 811
1553 812
1552 813
1552 814
1552 815
1552 816
1551 817
1551 818
1551 819
1551 820
1551 821
1551 822
1551 823
1551 824
1551 825
1550 826
1550 827
1550 828
1550 829
1550 830
1550 831
1549 832
1549 833
1549 834
1549 835
1548 836
1548 837
1547 838
1547 839
1547 840
1547 841
1547 842
1547 843
1547 844
1546 845
1546 846
1546 847
1546 848
1545 849
1545 850
1545 851
1544 852
1544 853
1544 854
1543 855
1543 856
1543 857
1543 858
1542 859
1542 860
1542 861
1542 862
1542 863
1541 864
1541 865
1541 866
1541 867
1540 868
1540 869
1540 870
1539 871
1539 872
1539 873
1539 874
1538 875
1538 876
1538 877
1537 878
1537 879
1537 880
1536 881
1536 882
1536 883
1535 884
1535 885
1535 886
1535 887
1535 888
1534 889
1533 890
1533 891
1533 892
1533 893
1532 894
1532 895
1532 896
1532 897
1531 898
1531 899
1531 900
1531 901
1530 902
1530 903
1529 904
1529 905
1528 906
1528 907
1528 908
1527 909
1527 910
1526 911
1526 912
1525 913
1525 914
1525 915
1525 916
1525 917
1524 918
1524 919
1524 920
1524 921
1523 922
1522 923
1522 924
1522 925
1521 926
1521 927
1520 928
1520 929
1519 930
1519 931
1519 932
1519 933
1518 934
1518 935
1518 936
1517 937
1516 938
1516 939
1516 940
1516 941
1515 942
1515 943
1515 944
1514 945
1514 946
1513 947
1513 948
1512 949
1512 950
1512 951
1511 952
1511 953
1511 954
1510 955
1509 956
1509 957
1508 958
1508 959
1507 960
1507 961
1506 962
1506 963
1505 964
1505 965
1505 966
1505 967
1504 968
1504 969
1503 970
1503 971
1502 972
1502 973
1501 974
1500 975
1500 976
1499 977
1499 978
1498 979
1498 980
1497 981
1497 982
1496 983
1496 984
1496 985
1495 986
1495 987
1494 988
1494 989
1493 990
1493 991
1492 992
1491 993
1491 994
1491 995
1490 996
1490 997
1489 998
1488 999
1488 1000
1487 1001
1486 1002
1486 1003
1485 1004
1485 1005
1484 1006
1483 1007
1483 1008
1482 1009
1481 1010
1480 1011
1480 1012
1479 1013
1478 1014
1477 1015
1476 1016
1476 1017
1475 1018
1475 1019
1475 1020
1474 1021
1473 1022
1472 1023
1471 1024
1470 1025
1470 1026
1469 1027
1469 1028
1468 1029
1467 1030
1466 1031
1465 1032
1464 1033
1463 1034
1462 1035
1461 1036
1461 1037
1460 1038
1459 1039
1458 1040
1457 1041
1456 1042
1455 1043
1454 1043
1453 1044
1452 1045
1452 1046
1451 1047
1450 1048
1449 1049
1448 1050
1447 1050
1446 1051
1445 1052
1444 1053
1443 1054
1442 1054
1441 1055
1440 1056
1439 1057
1438 1058
1437 1059
1436 1059
1435 1060
1434 1061
1433 1062
1432 1062
1431 1063
1430 1063
1429 1064
1428 1065
1427 1066
1426 1066
1425 1067
1424 1068
1423 1069
1422 1069
1421 1070
1420 1070
1419 1071
1418 1071
1417 1071
1416 1072
1415 1072
1414 1073
1413 1073
1412 1073
1411 1074
1410 1075
1409 1076
1408 1077
1407 1077
1406 1077
1405 1078
1404 1078
1403 1078
1402 1078
1401 1079
1400 1080
1399 1080
1398 1081
1397 1081
1396 1081
1395 1082
1394 1082
1393 1082
1392 1083
1391 1083
1390 1083
1389 1083
1388 1084
1387 1084
1386 1085
1385 1086
1384 1086
1383 1086
1382 1086
1381 1086
1380 1087
1379 1087
1378 1087
1377 1088
1376 1088
1375 1088
1374 1088
1373 1089
1372 1089
1371 1089
1370 1090
1369 1090
1368 1090
1367 1091
1366 1091
1365 1091
1364 1091
1363 1091
1362 1091
1361 1091
1360 1092
1359 1093
1358 1093
1357 1093
1356 1094
1355 1094
1354 1094
1353 1094
1352 1094
1351 1094
1350 1095
1349 1095
1348 1095
1347 1095
1346 1096
1345 1096
1344 1096
1343 1097
1342 1097
1341 1097
1340 1097
1339 1097
1338 1097
1337 1097
1336 1098
1335 1098
1334 1098
1333 1099
1332 1099
1331 1099
1330 1100
1329 1100
1328 1100
1327 1100
1326 1100
1325 1100
1324 1100
1323 1101
1322 1101
1321 1102
1320 1102
1319 1102
1318 1102
1317 1102
1316 1102
1315 1102
1314 1102
1313 1103
1312 1103
1311 1103
1310 1103
1309 1104
1308 1104
1307 1104
1306 1104
1305 1104
1304 1104
1303 1104
1302 1105
1301 1105
1300 1105
1299 1105
1298 1105
1297 1105
1296 1105
1295 1105
1294 1105
1293 1105
1292 1106
1291 1106
1290 1106
1289 1106
1288 1106
1287 1106
1286 1106
1285 1106
1284 1107
1283 1107
1282 1107
1281 1107
1280 1107
1279 1107
1278 1107
1277 1108
1276 1108
1275 1108
1274 1108
1273 1109
1272 1109
1271 1109
1270 1109
1269 1109
1268 1109
1267 1109
1266 1109
1265 1110
1264 1110
1263 1110
1262 1110
1261 1110
1260 1110
1259 1110
1258 1110
1257 1110
1256 1111
1255 1111
1254 1111
1253 1111
1252 1111
1251 1111
1250 1111
1249 1111
1248 1112
1247 1112
1246 1112
1245 1112
1244 1112
1243 1112
1242 1112
1241 1112
1240 1113
1239 1113
1238 1113
1237 1113
1236 1114
1235 1114
1234 1114
1233 1114
1232 1114
1231 1114
1230 1114
1229 1115
1228 1115
1227 1115
1226 1115
1225 1115
1224 1115
1223 1115
1222 1115
1221 1115
1220 1116
1219 1116
1218 1116
1217 1116
1216 1116
1215 1117
1214 1117
1213 1117
1212 1117
1211 1117
1210 1117
1209 1117
1208 1117
1207 1118
1206 1118
1205 1118
1204 1118
1203 1118
1202 1119
1201 1119
1200 1119
1199 1119
1198 1119
1197 1120
1196 1120
1195 1120
1194 1120
1193 1120
1192 1120
1191 1121
1190 1121
1189 1121
1188 1121
1187 1121
1186 1121
1185 1121
1184 1121
1183 1121
1182 1121
1181 1122
1180 1122
1179 1122
1178 1122
1177 1123
1176 1123
1175 1123
1174 1123
1173 1123
1172 1123
1171 1123
1170 1123
1169 1123
1168 1123
1167 1124
1166 1124
1165 1124
1164 1124
1163 1124
1162 1124
1161 1124
1160 1124
1159 1124
1158 1125
1157 1125
1156 1125
1155 1126
1154 1126
1153 1126
1152 1126
1151 1127
1150 1127
1149 1127
1148 1127
1147 1127
1146 1127
1145 1127
1144 1127
1143 1127
1142 1127
1141 1127
1140 1127
1139 1128
1138 1128
1137 1128
1136 1128
1135 1129
1134 1129
1133 1129
1132 1129
1131 1130
1130 1130
1129 1130
1128 1130
1127 1130
1126 1130
1125 1130
1124 1130
1123 1130
1122 1130
1121 1130
1120 1130
1119 1130
1118 1130
1117 1130
1116 1130
1115 1131
1114 1131
1113 1131
1112 1131
1111 1131
1110 1131
1109 1131
1108 1131
1107 1132
1106 1132
1105 1132
1104 1132
1103 1132
1102 1132
1101 1132
1100 1132
1099 1132
1098 1132
1097 1132
1096 1133
1095 1133
1094 1133
1093 1133
1092 1133
1091 1133
1090 1134
1089 1134
1088 1134
1087 1134
1086 1134
1085 1135
1084 1135
1083 1135
1082 1135
1081 1135
1080 1135
1079 1135
1078 1135
1077 1135
1076 1135
1075 1135
1074 1135
1073 1135
1072 1136
1071 1136
1070 1136
1069 1136
1068 1136
1067 1136
1066 1136
1065 1136
1064 1136
1063 1137
1062 1137
1061 1137
1060 1137
1059 1137
1058 1137
1057 1137
1056 1137
1055 1137
1054 1137
1053 1137
1052 1137
1051 1137
1050 1137
1049 1137
1048 1138
1047 1138
1046 1138
1045 1138
1044 1138
1043 1138
1042 1138
1041 1139
1040 1139
1039 1139
1038 1139
1037 1139
1036 1139
1035 1139
1034 1139
1033 1139
1032 1139
1031 1140
1030 1140
1029 1140
1028 1140
1027 1140
1026 1140
1025 1140
1024 1140
1023 1140
1022 1140
1021 1140
1020 1141
1019 1141
1018 1141
1017 1141
1016 1141
1015 1141
1014 1141
1013 1141
1012 1141
1011 1141
1010 1141
1009 1142
1008 1142
1007 1142
1006 1142
1005 1142
1004 1142
1003 1142
1002 1142
1001 1142
1000 1142
999 1142
998 1142
997 1142
996 1142
995 1142
994 1143
993 1143
992 1143
991 1143
990 1143
989 1143
988 1143
987 1144
986 1144
985 1144
984 1144
983 1144
982 1144
981 1144
980 1144
979 1144
978 1144
977 1144
976 1144
975 1144
974 1144
973 1144
972 1144
971 1144
970 1144
969 1144
968 1144
967 1145
966 1145
965 1145
964 1145
963 1145
962 1145
961 1145
960 1145
959 1146
958 1146
957 1146
956 1146
955 1146
954 1146
953 1146
952 1146
951 1146
950 1146
949 1146
948 1146
947 1146
946 1147
945 1147
944 1147
943 1147
942 1147
941 1147
940 1147
939 1147
938 1147
937 1147
936 1147
935 1147
934 1147
933 1147
932 1147
931 1147
930 1147
929 1147
928 1147
927 1147
926 1147
925 1147
924 1147
923 1147
922 1147
921 1147
920 1147
919 1147
918 1147
917 1147
916 1147
915 1147
914 1147
913 1147
912 1147
911 1147
910 1147
909 1147
908 1147
907 1147
906 1147
905 1147
904 1147
903 1147
902 1147
901 1147
900 1147
899 1147
898 1147
897 1147
896 1147
895 1147
894 1147
893 1147
892 1147
891 1147
890 1147
889 1147
888 1147
887 1147
886 1147
885 1147
884 1147
883 1147
882 1147
881 1147
880 1147
879 1147
878 1147
877 1147
876 1147
875 1147
874 1147
873 1147
872 1147
871 1147
870 1147
869 1147
868 1147
867 1147
866 1147
865 1147
864 1147
863 1147
862 1147
861 1147
860 1147
859 1147
858 1147
857 1147
856 1147
855 1147
854 1147
853 1147
852 1147
851 1147
850 1147
849 1147
848 1147
847 1147
846 1147
845 1147
844 1147
843 1147
842 1147
841 1147
840 1147
839 1147
838 1147
837 1147
836 1147
835 1147
834 1147
833 1147
832 1147
831 1147
830 1147
829 1147
828 1147
827 1147
826 1147
825 1147
824 1147
823 1147
822 1147
821 1146
820 1146
819 1146
818 1146
817 1146
816 1146
815 1146
814 1146
813 1146
812 1146
811 1146
810 1146
809 1146
808 1146
807 1146
806 1146
805 1146
804 1146
803 1146
802 1146
801 1146
800 1146
799 1146
798 1145
797 1145
796 1145
795 1145
794 1145
793 1145
792 1145
791 1145
790 1145
789 1145
788 1144
787 1144
786 1144
785 1144
784 1144
783 1144
782 1144
781 1144
780 1144
779 1144
778 1144
777 1144
776 1144
775 1144
774 1144
773 1143
772 1143
771 1143
770 1143
769 1143
768 1143
767 1142
766 1142
765 1142
764 1142
763 1142
762 1142
761 1142
760 1142
759 1142
758 1141
757 1141
756 1141
755 1141
754 1141
753 1141
752 1141
751 1141
750 1141
749 1141
748 1141
747 1141
746 1141
745 1141
744 1141
743 1141
742 1141
741 1141
740 1141
739 1141
738 1141
737 1141
736 1141
735 1141
734 1140
733 1140
732 1140
731 1140
730 1140
729 1140
728 1140
727 1140
726 1140
725 1140
724 1140
723 1140
722 1140
721 1140
720 1140
719 1139
718 1139
717 1139
716 1139
715 1139
714 1139
713 1139
712 1139
711 1139
710 1139
709 1138
708 1138
707 1138
706 1138
705 1138
704 1138
703 1138
702 1138
701 1138
700 1138
699 1138
698 1138
697 1138
696 1138
695 1138
694 1138
693 1138
692 1138
691 1138
690 1138
689 1137
688 1137
687 1137
686 1137
685 1137
684 1137
683 1137
682 1137
681 1137
680 1137
679 1137
678 1137
677 1137
676 1137
675 1137
674 1137
673 1137
672 1137
671 1137
670 1137
669 1137
668 1137
667 1137
666 1136
665 1136
664 1136
663 1136
662 1136
661 1136
660 1135
659 1135
658 1135
657 1135
656 1135
655 1135
654 1135
653 1135
652 1135
651 1135
650 1135
649 1135
648 1135
647 1135
646 1135
645 1135
644 1135
643 1135
642 1135
641 1135
640 1135
639 1135
638 1135
637 1135
636 1135
635 1134
634 1134
633 1134
632 1134
631 1134
630 1134
629 1134
628 1134
627 1133
626 1133
625 1133
624 1133
623 1133
622 1133
621 1133
620 1133
619 1133
618 1132
617 1132
616 1132
615 1132
614 1132
613 1132
612 1132
611 1132
610 1132
609 1132
608 1132
607 1132
606 1132
605 1132
604 1132
603 1132
602 1132
601 1131
600 1131
599 1131
598 1131
597 1131
596 1131
595 1131
594 1131
593 1131
592 1131
591 1131
590 1131
589 1131
588 1131
587 1131
586 1130
585 1130
584 1130
583 1130
582 1130
581 1130
580 1130
579 1130
578 1130
577 1129
576 1129
575 1129
574 1129
573 1129
572 1129
571 1129
570 1129
569 1129
568 1129
567 1129
566 1129
565 1129
564 1129
563 1129
562 1129
561 1129
560 1129
559 1128
558 1128
557 1128
556 1128
555 1128
554 1128
553 1128
552 1128
551 1127
550 1127
549 1127
548 1127
547 1127
546 1127
545 1127
544 1127
543 1127
542 1126
541 1126
540 1126
539 1126
538 1126
537 1126
536 1126
535 1126
534 1126
533 1126
532 1126
531 1126
530 1125
529 1125
528 1125
527 1125
526 1125
525 1125
524 1125
523 1125
522 1125
521 1125
520 1125
519 1125
518 1125
517 1124
516 1124
515 1124
514 1124
513 1124
512 1124
511 1124
510 1124
509 1124
508 1124
507 1123
506 1123
505 1123
504 1123
503 1123
502 1123
501 1123
500 1123
499 1123
498 1123
497 1123
496 1122
495 1122
494 1122
493 1122
492 1122
491 1122
490 1121
489 1121
488 1121
487 1121
486 1121
485 1121
484 1121
483 1121
482 1121
481 1121
480 1121
479 1121
478 1121
477 1121
476 1121
475 1120
474 1120
473 1120
472 1120
471 1120
470 1120
469 1120
468 1119
467 1119
466 1119
465 1119
464 1119
463 1118
462 1118
461 1118
460 1118
459 1118
458 1118
457 1118
456 1118
455 1118
454 1118
453 1117
452 1117
451 1117
450 1117
449 1117
448 1117
447 1117
446 1117
445 1117
444 1116
443 1116
442 1116
441 1116
440 1116
439 1116
438 1116
437 1115
436 1115
435 1115
434 1115
433 1115
432 1114
431 1114
430 1114
429 1114
428 1114
427 1114
426 1114
425 1114
424 1114
423 1114
422 1113
421 1113
420 1113
419 1113
418 1113
417 1113
416 1112
415 1112
414 1112
413 1112
412 1112
411 1112
410 1111
409 1111
408 1111
407 1111
406 1111
405 1111
404 1111
403 1110
402 1110
401 1110
400 1109
399 1109
398 1109
397 1109
396 1109
395 1109
394 1109
393 1108
392 1108
391 1108
390 1108
389 1108
388 1108
387 1108
386 1108
385 1107
384 1107
383 1107
382 1107
381 1107
380 1107
379 1107
378 1106
377 1106
376 1106
375 1106
374 1105
373 1105
372 1105
371 1105
370 1104
369 1104
368 1104
367 1104
366 1103
365 1103
364 1103
363 1103
362 1102
361 1102
360 1102
359 1101
358 1101
357 1101
356 1101
355 1100
354 1100
353 1100
352 1100
351 1099
350 1099
349 1099
348 1098
347 1098
346 1098
345 1098
344 1097
343 1097
342 1097
341 1097
340 1097
339 1096
338 1096
337 1096
336 1096
335 1096
334 1095
333 1095
332 1095
331 1095
330 1094
329 1094
328 1094
327 1094
326 1094
325 1093
324 1093
323 1092
322 1092
321 1091
320 1091
319 1091
318 1090
317 1090
316 1090
315 1090
314 1089
313 1089
312 1089
311 1088
310 1088
309 1087
308 1087
307 1087
306 1086
305 1086
304 1086
303 1086
302 1085
301 1085
300 1085
299 1084
298 1084
297 1083
296 1083
295 1083
294 1082
293 1082
292 1082
291 1082
290 1081
289 1080
288 1080
287 1080
286 1079
285 1079
284 1079
283 1078
282 1078
281 1077
280 1077
279 1077
278 1076
277 1076
276 1076
275 1075
274 1075
273 1075
272 1074
271 1074
270 1074
269 1073
268 1073
267 1072
266 1072
265 1072
264 1071
263 1071
262 1070
261 1070
260 1069
259 1069
258 1068
257 1068
256 1068
255 1067
254 1066
253 1066
252 1065
251 1065
250 1064
249 1064
248 1064
247 1063
246 1063
245 1063
244 1062
243 1062
242 1061
241 1061
240 1061
239 1060
238 1060
237 1059
236 1058
235 1058
234 1057
233 1057
232 1056
231 1056
230 1055
229 1055
228 1054
227 1053
226 1053
225 1052
224 1052
223 1052
222 1051
221 1050
220 1050
219 1049
218 1048
217 1047
216 1047
215 1046
214 1045
213 1044
212 1044
211 1043
210 1042
209 1041
208 1041
207 1041
206 1040
205 1039
204 1038
203 1037
202 1036
201 1035
200 1034
199 1033
198 1032
197 1031
196 1030
195 1029
194 1028
193 1027
193 1026
192 1025
191 1024
190 1023
189 1022
188 1021
187 1020
186 1019
185 1018
184 1017
184 1016
183 1015
182 1014
181 1014
180 1013
179 1012
179 1011
178 1010
177 1009
177 1008
176 1007
176 1006
175 1005
174 1004
173 1003
172 1002
172 1001
171 1000
170 999
169 999
168 998
167 997
167 996
166 995
166 994
165 993
165 992
164 991
163 990
162 989
161 988
160 987
159 986
159 985
158 984
157 983
157 982
156 981
155 980
154 979
154 978
153 977
152 976
152 975
151 974
151 973
150 972
150 971
149 970
149 969
148 968
147 967
146 966
145 965
145 964
145 963
144 962
143 961
143 960
142 959
142 958
141 957
141 956
140 955
140 954
139 953
138 952
138 951
137 950
137 949
136 948
136 947
135 946
135 945
134 944
134 943
134 942
134 941
133 940
133 939
133 938
132 937
132 936
131 935
131 934
130 933
129 932
129 931
129 930
129 929
128 928
128 927
128 926
128 925
127 924
127 923
126 922
126 921
125 920
125 919
125 918
125 917
124 916
124 915
123 914
123 913
123 912
122 911
122 910
122 909
121 908
121 907
120 906
120 905
119 904
119 903
119 902
119 901
119 900
118 899
118 898
117 897
117 896
117 895
116 894
116 893
115 892
114 891
114 890
114 889
114 888
113 887
113 886
113 885
112 884
112 883
112 882
111 881
111 880
111 879
110 878
109 877
109 876
109 875
108 874
108 873
108 872
107 871
107 870
107 869
106 868
106 867
105 866
105 865
105 864
104 863
104 862
104 861
103 860
103 859
103 858
103 857
103 856
102 855
102 854
102 853
101 852
101 851
101 850
100 849
100 848
99 847
99 846
99 845
99 844
99 843
98 842
98 841
98 840
97 839
97 838
97 837
97 836
97 835
96 834
96 833
96 832
96 831
96 830
96 829
95 828
95 827
95 826
94 825
94 824
94 823
94 822
94 821
94 820
94 819
94 818
94 817
94 816
94 815
94 814
94 813
94 812
94 811
94 810
94 809
94 808
94 807
94 806
94 805
94 804
94 803
94 802
94 801
94 800
94 799
94 798
94 797
94 796
94 795
95 794
95 793
95 792
96 791
96 790
96 789
96 788
96 787
96 786
96 785
97 784
97 783
97 782
97 781
97 780
97 779
98 778
98 777
99 776
99 775
99 774
100 773
100 772
100 771
101 770
101 769
101 768
102 767
102 766
103 765
103 764
104 763
104 762
105 761
106 760
106 759
107 758
107 757
108 756
108 755
109 754
109 753
110 752
111 751
111 750
111 749
112 748
112 747
113 746
114 745
114 744
115 743
115 742
116 741
117 740
117 739
117 738
118 737
118 736
119 736
120 735
121 734
121 733
122 732
123 731
123 730
124 729
125 728
125 727
126 726
127 725
128 724
129 723
129 722
130 721
130 720
131 719
132 718
133 717
134 716
135 715
136 714
137 713
138 712
139 711
140 710
141 709
142 708
143 707
144 706
145 705
146 705
147 704
148 703
149 702
150 702
151 701
152 700
153 699
154 699
155 698
156 697
157 696
158 696
159 695
160 694
161 693
162 693
163 692
164 691
165 691
166 690
167 690
168 689
169 688
170 688
171 687
172 686
173 686
174 685
175 685
176 684
177 684
178 683
179 683
180 682
181 681
182 681
183 680
184 680
185 679
186 679
187 678
188 678
189 677
190 677
191 676
192 676
193 676
194 676
195 675
196 674
197 674
198 673
199 673
200 672
201 671
202 671
203 670
204 670
205 670
206 670
207 669
208 668
209 668
210 667
211 667
212 667
213 667
214 666
215 666
216 665
217 665
218 664
219 664
220 664
221 664
222 663
223 663
224 663
225 662
226 662
227 662
228 661
229 661
230 660
231 660
232 659
233 659
234 659
235 659
236 658
237 658
238 658
239 657
240 657
241 657
242 656
243 656
244 656
245 656
246 656
247 655
248 655
249 655
250 654
251 654
252 654
253 653
254 653
255 653
256 652
257 652
258 652
259 651
260 651
261 650
262 650
263 650
264 650
265 650
266 650
267 650
268 649
269 649
270 649
271 649
272 649
273 649
274 649
275 649
276 649
277 649
278 649
279 649
280 649
281 649
282 649
283 649
284 649
285 649
286 649
287 649
288 649
289 649
290 650
291 650
292 650
293 650
294 650
295 650
296 650
297 650
298 650
299 650
300 650
301 650
302 650
303 650
304 650
305 650
306 650
307 650
308 650
309 650
310 650
311 650
312 650
313 651
314 651
315 651
316 651
317 651
318 651
319 651
320 651
321 651
322 651
323 651
324 651
325 651
326 651
327 652
328 652
329 652
330 652
331 652
332 652
333 653
334 653
335 653
336 653
337 653
338 653
339 653
340 653
341 653
342 653
343 653
344 653
345 653
346 654
347 654
348 654
349 655
350 655
351 655
352 655
353 655
354 656
355 656
356 656
357 656
358 656
359 656
360 657
361 657
362 657
363 657
364 657
365 657
366 657
367 658
368 658
369 658
370 658
371 658
372 659
373 659
374 659
375 659
376 660
377 660
378 660
379 661
380 661
381 661
382 661
383 661
384 661
385 662
386 662
387 662
388 662
389 662
390 663
391 663
392 664
393 664
394 665
395 665
396 665
397 665
398 666
399 666
400 666
401 666
402 666
403 666
404 667
405 667
406 667
407 668
408 668
409 669
410 669
411 669
412 669
413 670
414 670
415 670
416 671
417 671
418 672
419 672
420 672
421 672
422 672
423 673
424 673
425 674
426 674
427 675
428 675
429 675
430 675
431 675
432 675
433 676
434 676
435 677
436 677
437 678
438 678
439 678
440 679
441 679
442 680
443 680
444 680
445 681
446 681
447 681
448 682
449 682
450 682
451 683
452 683
453 683
454 684
455 684
456 684
457 685
458 685
459 686
460 686
461 687
462 687
463 688
464 688
465 688
466 688
467 689
468 689
469 689
470 690
471 690
472 691
473 691
474 691
475 692
476 692
477 692
478 693
479 693
480 694
481 694
482 694
483 694
484 695
485 695
486 696
487 697
488 698
489 698
490 698
491 699
492 699
493 699
494 699
495 700
496 700
497 701
498 701
499 702
500 702
501 702
502 702
503 702
504 703
505 703
506 704
507 705
508 705
509 705
510 705
511 705
512 705
513 706
514 706
515 706
516 706
517 706
518 706
519 707
520 707
521 707
522 707
523 707
524 707
525 707
526 707
527 707
528 707
529 707
530 707
531 707
532 708
533 708
534 708
535 708
536 709
537 709
538 709
539 709
540 709
541 709
542 709
543 709
544 709
545 709
546 709
547 709
548 709
549 710
550 710
551 710
552 710
553 710
554 710
555 710
556 710
557 710
558 710
559 711
560 711
561 711
562 712
563 712
564 712
565 712
566 713
567 713
568 713
569 713
570 713
571 713
572 713
573 713
574 713
575 714
576 714
577 714
578 714
579 714
580 714
581 714
582 714
583 714
584 715
585 715
586 715
587 715
588 716
589 716
590 716
591 716
592 716
593 716
594 716
595 716
596 716
597 717
598 717
599 718
600 718
601 718
602 718
603 719
604 719
605 719
606 719
607 719
608 720
609 720
610 720
611 720
612 720
613 720
614 720
615 721
616 721
617 721
618 721
619 721
620 721
621 721
622 722
623 722
624 722
625 722
626 723
627 723
628 723
629 724
630 724
631 725
632 725
633 725
634 725
635 726
636 726
637 726
638 726
639 727
640 727
641 727
642 727
643 728
644 728
645 728
646 728
647 728
648 729
649 729
650 729
651 730
652 730
653 731
654 731
655 732
656 732
657 732
658 733
659 733
660 733
661 734
662 734
663 734
664 735
665 735
666 736
667 736
668 737
669 738
670 738
671 739
672 739
673 740
674 740
675 741
676 742
677 742
678 743
679 744
680 745
681 746
682 746
683 747
684 748
685 749
686 750
687 751
688 752
689 752
690 753
690 754
691 755
692 756
693 757
694 758
695 759
696 760
697 761
698 762
698 763
699 764
700 765
701 766
702 767
702 768
703 769
703 770
704 771
705 772
706 772
707 773
707 774
708 775
708 776
708 777
709 778
710 778
711 779
712 780
712 781
713 782
714 783
714 784
714 785
715 786
715 787
716 788
717 789
717 790
718 791
719 792
719 793
719 794
720 795
720 796
721 797
721 798
722 799
723 800
723 801
723 802
724 803
724 804
725 805
725 806
726 807
727 808
727 809
728 810
728 811
728 812
729 813
729 814
730 815
730 816
731 817
732 818
732 819
733 820
733 821
733 822
734 823
734 824
735 825
735 826
736 827
736 828
736 829
737 830
737 831
737 832
737 833
738 834
739 835
740 836
740 837
740 838
741 839
741 840
742 841
742 842
742 843
742 844
743 845
744 846
744 847
745 848
745 849
745 850
746 851
746 852
747 853
747 854
748 855
748 856
748 857
749 858
749 859
749 860
750 861
751 862
752 863
752 864
752 865
753 866
753 867
753 868
754 869
754 870
754 871
755 872
755 873
756 874
757 875
757 876
758 877
759 878
759 879
759 880
759 881
759 882
759 883
760 884
760 885
761 886
762 887
762 888
762 889
763 890
763 891
764 892
764 893
765 894
765 895
765 896
766 897
767 898
767 899
767 900
768 901
768 902
769 903
770 904
770 905
771 906
772 907
772 908
773 909
774 909
775 910
776 911
777 912
778 913
779 913
780 914
781 914
782 915
783 915
784 916
785 916
786 917
787 917
788 918
789 918
790 918
791 919
792 919
793 920
794 920
795 920
796 920
797 920
798 921
799 921
800 921
801 921
802 921
803 921
804 921
805 921
806 921
807 922
808 922
809 922
810 922
811 923
812 923
813 923
814 923
815 923
816 923
817 923
818 923
819 923
820 924
821 924
822 924
823 924
824 924
825 924
826 924
827 924
828 924
829 924
830 924
831 924
832 924
833 924
834 924
835 925
836 925
837 925
838 925
839 925
840 925
841 926
842 926
843 926
844 926
845 926
846 926
847 926
848 927
849 927
850 927
851 927
852 927
853 927
854 927
855 927
856 927
857 927
858 927
859 927
860 927
861 928
862 928
863 928
864 928
865 928
866 928
867 929
868 929
869 929
870 929
871 929
872 929
873 929
874 929
875 929
876 929
877 929
878 929
879 930
880 930
881 930
882 930
883 930
884 930
885 930
886 931
887 931
888 931
889 931
890 931
891 931
892 931
893 932
894 932
895 932
896 932
897 932
898 932
899 932
900 932
901 933
902 933
903 933
904 933
905 933
906 934
907 934
908 934
909 934
910 934
911 934
912 934
913 934
914 934
915 934
916 934
917 934
918 934
919 934
920 934
921 935
922 935
923 935
924 935
925 935
926 935
927 935
928 935
929 936
930 936
931 936
932 936
933 936
934 936
935 936
936 936
937 936
938 936
939 936
940 936
941 936
942 936
943 937
944 937
945 937
946 937
947 937
948 937
949 937
950 937
951 937
952 937
953 937
954 937
955 937
956 937
957 937
958 937
959 937
960 937
961 937
962 937
963 937
964 937
965 937
966 937
967 937
968 937
969 938
970 938
971 938
972 938
973 938
974 938
975 938
976 938
977 938
978 938
979 938
980 938
981 938
982 938
983 938
984 938
985 938
986 938
987 938
988 938
989 938
990 938
991 938
992 939
993 939
994 939
995 939
996 939
997 939
998 939
999 939
1000 939
1001 939
1002 939
1003 939
1004 939
1005 939
1006 939
1007 939
1008 939
1009 939
1010 939
1011 939
1012 939
1013 939
1014 939
1015 939
1016 939
1017 939
1018 939
1019 939
1020 939
1021 939
1022 939
1023 939
1024 939
1025 939
1026 939
1027 939
1028 940
1029 940
1030 940
1031 940
1032 940
1033 940
1034 940
1035 940
1036 940
1037 940
1038 940
1039 940
1040 940
1041 940
1042 940
1043 940
1044 940
1045 940
1046 940
1047 940
1048 940
1049 940
1050 940
1051 940
1052 940
1053 940
1054 940
1055 940
1056 940
1057 940
1058 940
1059 940
1060 940
1061 940
1062 940
1063 940
1064 940
1065 940
1066 940
1067 940
1068 940
1069 940
1070 940
1071 940
1072 940
1073 940
1074 940
1075 940
1076 940
1077 940
1078 940
1079 940
1080 940
1081 940
1082 940
1083 940
1084 940
1085 940
1086 940
1087 940
1088 940
1089 940
1090 940
1091 940
1092 940
1093 940
1094 940
1095 940
1096 940
1097 940
1098 940
1099 940
1100 940
1101 940
1102 940
1103 940
1104 940
1105 940
1106 940
1107 940
1108 940
1109 940
1110 940
1111 940
1112 940
1113 940
1114 940
1115 940
1116 940
1117 940
1118 940
1119 940
1120 940
1121 940
1122 940
1123 940
1124 940
1125 940
1126 940
1127 940
1128 939
1129 939
1130 939
1131 939
1132 939
1133 939
1134 939
1135 939
1136 938
1137 938
1138 938
1139 938
1140 938
1141 938
1142 938
1143 938
1144 938
1145 938
1146 937
1147 937
1148 937
1149 936
1150 936
1151 936
1152 936
1153 936
1154 936
1155 936
1156 936
1157 936
1158 935
1159 935
1160 935
1161 935
1162 935
1163 935
1164 934
1165 934
1166 934
1167 934
1168 934
1169 933
1170 933
1171 933
1172 933
1173 933
1174 933
1175 932
1176 932
1177 932
1178 931
1179 931
1180 931
1181 931
1182 931
1183 931
1184 931
1185 931
1186 931
1187 930
1188 930
1189 930
1190 930
1191 929
1192 929
1193 929
1194 929
1195 929
1196 928
1197 928
1198 928
1199 928
1200 928
1201 927
1202 927
1203 926
1204 926
1205 926
1206 926
1207 926
1208 926
1209 926
1210 925
1211 925
1212 925
1213 925
1214 924
1215 924
1216 923
1217 923
1218 923
1219 923
1220 923
1221 922
1222 922
1223 922
1224 921
1225 921
1226 920
1227 920
1228 919
1229 919
1230 919
1231 919
1232 919
1233 918
1234 918
1235 918
1236 917
1237 917
1238 916
1239 916
1240 915
1241 914
1242 914
1243 913
1244 913
1245 912
1246 912
1247 911
1248 911
1249 911
1250 910
1251 909
1252 909
1253 908
1254 908
1255 908
1256 908
1257 908
1258 907
1259 907
1260 906
1261 906
1262 905
1263 904
1264 904
1265 903
1266 903
1267 902
1268 902
1269 902
1270 901
1271 901
1272 900
1273 899
1274 899
1275 898
1276 898
1277 897
1278 897
1279 897
1280 896
1281 896
1282 895
1283 894
1284 893
1285 893
1286 892
1287 892
1288 891
1289 890
1290 890
1291 889
1292 888
1293 887
1294 886
1295 885
1296 885
1297 884
1298 883
1299 882
1300 881
1301 881
1302 880
1302 879
1303 878
1304 878
1305 877
1306 876
1306 875
1307 875
1308 874
1309 873
1310 872
1310 871
1311 871
1312 870
1313 869
1314 868
1314 867
1315 866
1316 866
1317 865
1318 864
1319 863
1320 862
1320 861
1321 861
1322 860
1322 859
1323 858
1324 857
1325 856
1326 855
1327 854
1328 853
1329 852
1329 851
1330 850
1331 849
1332 848
1332 847
1333 846
1334 845
1335 845
1336 844
1337 843
1337 842
1338 841
1339 840
1340 839
1341 838
1341 837
1342 836
1343 835
1343 834
1344 833
1345 832
1346 831
1346 830
1347 830
1348 829
1349 828
1349 827
1350 826
1351 825
1352 824
1353 823
1353 822
1354 821
1355 820
1356 820
1357 819
1357 818
1358 817
1358 816
1359 816
1360 815
1360 814
1361 813
1362 812
1363 811
1364 810
1364 809
1365 808
1366 807
1367 806
1367 805
1368 804
1369 803
1370 802
1370 801
1371 800
1372 799
1372 798
1373 797
1374 796
1375 795
1376 794
1377 793
1377 792
1378 791
1378 790
1379 789
1379 788
1380 787
1381 786
1381 785
1382 784
1383 783
1383 782
1384 781
1385 780
1385 779
1386 778
1387 777
1388 776
1388 775
1389 774
1389 773
1390 773
1391 772
1392 771
1392 770
1393 769
1393 768
1394 768
1395 767
1395 766
1396 765
1397 764
1397 763
1398 762
1399 761
1400 760
1401 759
1401 758
1402 757
1403 756
1403 755
1404 754
1404 753
1405 753
1406 752
1406 751
1407 750
1407 749
1408 748
1409 747
1409 746
1410 745
1411 744
1412 743
1412 742
1412 741
1413 740
1413 739
1414 739
1415 738
1415 737
1416 736
1416 735
1417 734
1417 733
1418 733
1419 732
1420 731
1420 730
1421 729
1422 728
1422 727
1423 726
1423 725
1424 724
1425 723
1425 722
1426 721
1427 720
1427 719
1428 718
1429 717
1429 716
1430 715
1430 714
1431 713
1431 712
1432 711
1432 710
1433 709
1434 708
1434 707
1435 706
1435 705
1436 704
1436 703
1437 702
1438 701
1438 700
1438 699
1439 698
1439 697
1440 696
1440 695
1441 694
1441 693
1442 692
1443 691
1443 690
1443 689
1443 688
1444 687
1444 686
1445 685
1445 684
1445 683
1445 682
1445 681
1445 680
1446 679
1446 678
1446 677
1447 676
1447 675
1447 674
1447 673
1448 672
1448 671
1448 670
1449 669
1449 668
1449 667
1449 666
1449 665
1449 664
1450 663
1450 662
1450 661
1451 660
1451 659
1451 658
1451 657
1451 656
1451 655
1451 654
1451 653
1451 652
1451 651
1451 650
1451 649
1451 648
1451 647
1451 646
1451 645
1451 644
1451 643
1451 642
1451 641
1451 640
1451 639
1451 638
1451 637
1451 636
1451 635
1451 634
1451 633
1451 632
1451 631
1451 630
1451 629
1451 628
1451 627
1451 626
1451 625
1451 624
1451 623
1451 622
1451 621
1450 620
1450 619
1450 618
1450 617
1450 616
1449 615
1449 614
1449 613
1449 612
1449 611
1449 610
1449 609
1449 608
1449 607
1448 606
1448 605
1448 604
1448 603
1448 602
1448 601
1447 600
1447 599
1446 598
1446 597
1446 596
1446 595
1446 594
1446 593
1445 592
1445 591
1445 590
1445 589
1444 588
1444 587
1444 586
1443 585
1443 584
1442 583
1442 582
1442 581
1442 580
1442 579
1441 578
1441 577
1441 576
1440 575
1440 574
1440 573
1440 572
1439 571
1439 570
1439 569
1439 568
1439 567
1438 566
1438 565
1438 564
1437 563
1437 562
1437 561
1437 560
1437 559
1437 558
1436 557
1435 556
1435 555
1435 554
1435 553
1435 552
1434 551
1434 550
1433 549
1433 548
1433 547
1433 546
1432 545
1432 544
1432 543
1432 542
1432 541
1432 540
1431 539
1430 538
1430 537
1430 536
1430 535
1429 534
1429 533
1429 532
1428 531
1428 530
1428 529
1428 528
1428 527
1427 526
1427 525
1427 524
1426 523
1426 522
1426 521
1425 520
1425 519
1424 518
1424 517
1423 516
1423 515
1423 514
1422 513
1422 512
1422 511
1421 510
1421 509
1421 508
1420 507
1420 506
1419 505
1419 504
1419 503
1419 502
1418 501
1417 500
1417 499
1417 498
1416 497
1416 496
1416 495
1415 494
1415 493
1414 492
1414 491
1414 490
1414 489
1413 488
1413 487
1412 486
1411 485
1411 484
1411 483
1411 482
1411 481
1410 480
1410 479
1409 478
1409 477
1408 476
1408 475
1408 474
1407 473
1407 472
1406 471
1406 470
1405 469
1405 468
1405 467
1404 466
1404 465
1404 464
1403 463
1402 462
1401 461
1401 460
1401 459
1400 458
1400 457
1399 456
1399 455
1398 454
1398 453
1397 452
1397 451
1397 450
1396 449
1396 448
1395 447
1395 446
1395 445
1394 444
1394 443
1394 442
1393 441
1393 440
1392 439
1391 438
1390 437
1390 436
1390 435
1390 434
1390 433
1389 432
1388 431
1388 430
1388 429
1387 428
1387 427
1387 426
1387 425
1386 424
1386 423
1385 422
1385 421
1384 420
1384 419
1383 418
1383 417
1383 416
1382 415
1382 414
1382 413
1381 412
1381 411
1381 410
1380 409
1380 408
1379 407
1379 406
1379 405
1379 404
1378 403
1378 402
1377 401
1376 400
1376 399
1376 398
1376 397
1375 396
1375 395
1375 394
1375 393
1374 392
1374 391
1373 390
1373 389
1372 388
1372 387
1371 386
1371 385
1371 384
1371 383
1371 382
1371 381
1370 380
1370 379
1369 378
1369 377
1369 376
1369 375
1368 374
1368 373
1368 372
1367 371
1367 370
1366 369
1366 368
1366 367
1366 366
1365 365
1365 364
1365 363
1365 362
1365 361
1364 360
1363 359
1363 358
1363 357
1362 356
1362 355
1362 354
1362 353
1361 352
1361 351
1361 350
1360 349
1360 348
1359 347
1359 346
1359 345
1359 344
1358 343
1357 342
1357 341
1357 340
1357 339
1357 338
1356 337
1356 336
1356 335
1356 334
1355 333
1355 332
1354 331
1353 330
1353 329
1352 328
1352 327
1352 326
1352 325
1352 324
1351 323
1351 322
1350 321
1350 320
1349 319
1349 318
1348 317
1348 316
1347 315
1346 314
1345 313
1345 312
1344 311
1344 310
1343 309
1342 308
1341 307
1341 306
1340 305
1339 304
1339 303
1338 302
1338 301
1337 300
1336 299
1335 298
1334 297
1333 296
1333 295
1332 294
1331 293
1330 292
1329 291
1328 290
1327 290
1326 289
1325 288
1325 287
1324 286
1323 286
1322 285
1321 284
1320 283
1319 282
1318 281
1317 281
1316 280
1315 279
1314 278
1313 277
1312 276
1311 276
1310 275
1309 274
1308 273
1307 273
1306 272
1305 271
1304 271
1303 270
1302 270
1301 269
1300 268
1299 268
1298 267
1297 267
1296 266
1295 266
1294 265
1293 264
1292 264
1291 263
1290 262
1289 262
1288 261
1287 261
1286 260
1285 260
1284 260
1283 259
1282 258
1281 258
1280 257
1279 257
1278 257
1277 256
1276 256
1275 255
1274 254
1273 253
1272 253
1271 253
1270 253
1269 252
1268 252
1267 252
1266 251
1265 251
1264 250
1263 250
1262 250
1261 249
1260 249
1259 248
1258 248
1257 247
1256 247
1255 247
1254 247
1253 247
1252 246
1251 246
1250 246
1249 246
1248 245
1247 245
1246 245
1245 245
1244 245
1243 244
1242 244
1241 244
1240 244
1239 243
1238 243
1237 243
1236 243
1235 242
1234 242
1233 242
1232 242
1231 242
1230 242
1229 241
1228 241
1227 241
1226 241
1225 240
1224 240
1223 240
1222 240
1221 240
1220 240
1219 240
1218 240
1217 239
1216 239
1215 238
1214 238
1213 238
1212 238
1211 238
1210 238
1209 238
1208 238
1207 238
1206 237
1205 237
1204 236
1203 236
1202 236
1201 236
1200 236
1199 236
1198 236
1197 235
1196 235
1195 235
1194 235
1193 234
1192 234
1191 234
1190 234
1189 233
1188 233
1187 233
1186 233
1185 232
1184 232
1183 232
1182 232
1181 232
1180 232
1179 231
1178 231
1177 230
1176 230
1175 230
1174 229
1173 229
1172 229
1171 228
1170 228
1169 228
1168 228
1167 228
1166 227
1165 227
1164 226
1163 225
1162 225
1161 225
1160 225
1159 225
1158 224
1157 223
1156 222
1155 222
1154 222
1153 222
1152 222
1151 221
1150 221
1149 220
1148 219
1147 219
1146 219
1145 218
1144 218
1143 218
1142 218
1141 217
1140 217
1139 217
1138 217
1137 216
1136 216
1135 216
1134 216
1133 215
1132 215
1131 215
1130 215
1129 215
1128 215
1127 215
1126 215
1125 215
1124 215
1123 215
1122 215
1121 215
1120 215
1119 215
1118 215
1117 215
1116 215
1115 215
1114 215
1113 215
1112 215
1111 215
1110 215
1109 215
1108 215
1107 215
1106 215
1105 215
1104 215
1103 215
1102 215
1101 215
1100 215
1099 215
1098 215
1097 215
1096 215
1095 215
1094 215
1093 215
1092 215
1091 216
1090 216
1089 216
1088 216
1087 216
1086 216
1085 216
1084 216
1083 216
1082 216
1081 216
1080 216
1079 216
1078 216
1077 216
1076 217
1075 217
1074 217
1073 217
1072 217
1071 217
1070 217
1069 217
1068 217
1067 218
1066 218
1065 218
1064 218
1063 218
1062 218
1061 218
1060 218
1059 219
1058 219
1057 219
1056 219
1055 219
1054 219
1053 220
1052 220
1051 220
1050 220
1049 220
1048 221
1047 221
1046 221
1045 222
1044 222
1043 222
1042 222
1041 222
1040 223
1039 223
1038 223
1037 223
1036 223
1035 224
1034 224
1033 225
1032 225
1031 225
1030 225
1029 225
1028 225
1027 225
1026 225
1025 226
1024 226
1023 227
1022 227
1021 227
1020 227
1019 227
1018 228
1017 228
1016 229
1015 229
1014 229
1013 230
1012 230
1011 230
1010 230
1009 231
1008 231
1007 231
1006 231
1005 232
1004 232
1003 232
1002 232
1001 232
1000 233
999 233
998 233
997 233
996 234
995 234
994 234
993 235
992 235
991 235
990 235
989 236
988 236
987 236
986 237
985 237
984 238
983 238
982 239
981 239
980 239
979 239
978 240
977 240
976 240
975 241
974 241
973 242
972 242
971 242
970 243
969 243
968 243
967 243
966 244
965 244
964 244
963 245
962 245
961 246
960 246
959 246
958 247
957 247
956 247
955 248
954 248
953 249
952 250
951 250
950 250
949 250
948 251
947 251
946 251
945 252
944 253
943 253
942 254
941 254
940 255
939 255
938 255
937 256
936 257
935 258
934 259
934 260
934 261
934 262
934 263
934 264
934 265
934 266
934 267
934 268
934 269
935 270
935 271
935 272
935 273
935 274
935 275
936 276
936 277
937 278
937 279
938 280
939 281
939 282
940 283
941 284
942 285
943 286
943 287
944 288
945 288
946 289
947 290
948 290
949 291
950 292
951 292
952 293
953 294
954 295
955 296
956 297
957 297
958 298
959 298
960 298
961 299
962 299
963 300
964 301
965 302
966 302
967 302
968 303
969 303
970 304
971 305
972 305
973 306
974 307
975 307
976 308
977 309
978 309
979 309
980 309
981 310
982 310
983 311
984 312
985 312
986 312
987 313
988 313
989 314
990 314
991 315
992 315
993 315
994 315
995 315
996 316
997 316
998 316
999 317
1000 317
1001 318
1002 318
1003 318
1004 318
1005 318
1006 318
1007 318
1008 318
1009 319
1010 319
1011 319
1012 319
1013 319
1014 319
1015 319
1016 319
1017 319
1018 319
1019 319
1020 319
1021 319
1022 319
1023 319
1024 319
1025 319
1026 319
1027 319
1028 319
1029 319
1030 319
1031 319
1032 319
1033 318
1034 318
1035 318
1036 318
1037 318
1038 318
1039 317
1040 317
1041 317
1042 317
1043 317
1044 317
1045 317
1046 317
1047 317
1048 317
1049 317
1050 316
1051 316
1052 316
1053 316
1054 316
1055 316
1056 315
1057 315
1058 315
1059 314
1060 314
1061 314
1062 314
1063 314
1064 314
1065 314
1066 314
1067 313
1068 313
1069 313
1070 312
1071 312
1072 312
1073 312
1074 312
1075 312
1076 312
1077 311
1078 311
1079 311
1080 310
1081 310
1082 310
1083 310
1084 309
1085 309
1086 309
1087 309
1088 308
1089 308
1090 308
1091 308
1092 307
1093 307
1094 306
1095 306
1096 306
1097 306
1098 305
1099 305
1100 304
1101 304
1102 304
1103 304
1104 303
1105 303
1106 302
1107 302
1108 302
1109 301
1110 301
1111 301
1112 301
1113 300
1114 300
1115 299
1116 299
1117 299
1118 298
1119 298
1120 298
1121 297
1122 297
1123 297
1124 296
1125 296
1126 296
1127 295
1128 295
1129 294
1130 294
1131 294
1132 293
1133 293
1134 293
1135 292
1136 292
1137 292
1138 291
1139 291
1140 290
1141 290
1142 290
1143 289
1144 289
1145 289
1146 289
1147 288
1148 288
1149 288
1150 288
1151 287
1152 287
1153 287
1154 287
1155 287
1156 287
1157 287
1158 287
1159 287
1160 287
1161 287
1162 287
1163 287
1164 287
1165 287
1166 287
1167 288
1168 288
1169 288
1170 288
1171 288
1172 289
1173 289
1174 289
1175 289
1176 289
1177 289
1178 289
1179 290
1180 290
1181 290
1182 290
1183 291
1184 291
1185 291
1186 291
1187 292
1188 292
1189 293
1190 293
1191 293
1192 294
1193 294
1194 294
1195 295
1196 295
1197 295
1198 296
1199 296
1200 297
1201 297
1202 298
1203 298
1204 298
1205 299
1206 299
1207 299
1208 300
1209 300
1210 301
1211 302
1212 302
1213 303
1214 303
1215 304
1216 304
1217 305
1218 306
1219 306
1220 307
1221 307
1222 308
1223 309
1224 310
1225 311
1226 312
1227 313
1228 314
1229 315
1230 316
1231 317
1232 318
1233 319
1234 320
1235 321
1236 322
1236 323
1237 324
1238 325
1238 326
1239 327
1240 328
1241 329
1241 330
1242 331
1242 332
1243 333
1244 334
1245 335
1245 336
1245 337
1246 338
1246 339
1247 340
1248 341
1249 342
1249 343
1249 344
1250 345
1250 346
1251 347
1251 348
1252 349
1253 350
1253 351
1254 352
1254 353
1255 354
1256 355
1256 356
1257 357
1257 358
1257 359
1258 360
1258 361
1259 362
1260 363
1260 364
1260 365
1261 366
1261 367
1261 368
1262 369
1262 370
1263 371
1263 372
1263 373
1264 374
1264 375
1264 376
1265 377
1265 378
1265 379
1265 380
1266 381
1266 382
1266 383
1266 384
1266 385
1266 386
1267 387
1267 388
1268 389
1268 390
1268 391
1268 392
1268 393
1269 394
1269 395
1269 396
1269 397
1269 398
1269 399
1270 400
1271 401
1271 402
1271 403
1271 404
1271 405
1271 406
1271 407
1271 408
1271 409
1271 410
1272 411
1272 412
1272 413
1272 414
1272 415
1272 416
1273 417
1273 418
1273 419
1274 420
1274 421
1274 422
1274 423
1274 424
1274 425
1274 426
1274 427
1275 428
1275 429
1275 430
1275 431
1276 432
1276 433
1276 434
1276 435
1276 436
1276 437
1276 438
1276 439
1277 440
1277 441
1277 442
1277 443
1278 444
1278 445
1278 446
1279 447
1279 448
1279 449
1279 450
1279 451
1279 452
1280 453
1280 454
1280 455
1280 456
1281 457
1281 458
1281 459
1281 460
1281 461
1281 462
1282 463
1282 464
1282 465
1283 466
1283 467
1283 468
1283 469
1283 470
1284 471
1284 472
1284 473
1284 474
1285 475
1285 476
1285 477
1285 478
1286 479
1286 480
1286 481
1286 482
1286 483
1286 484
1286 485
1286 486
1286 487
1286 488
1286 489
1286 490
1287 491
1287 492
1287 493
1287 494
1288 495
1288 496
1288 497
1288 498
1288 499
1288 500
1288 501
1288 502
1288 503
1288 504
1288 505
1288 506
1288 507
1288 508
1289 509
1289 510
1290 511
1290 512
1290 513
1290 514
1290 515
1291 516
1291 517
1291 518
1291 519
1291 520
1291 521
1291 522
1291 523
1291 524
1291 525
1291 526
1291 527
1291 528
1291 529
1291 530
1291 531
1291 532
1292 533
1292 534
1292 535
1292 536
1292 537
1292 538
1292 539
1292 540
1292 541
1292 542
1292 543
1292 544
1292 545
1292 546
1292 547
1292 548
1292 549
1292 550
1292 551
1292 552
1292 553
1292 554
1292 555
1292 556
1292 557
1292 558
1292 559
1292 560
1292 561
1292 562
1292 563
1292 564
1292 565
1292 566
1292 567
1292 568
1292 569
1292 570
1292 571
1292 572
1292 573
1292 574
1292 575
1292 576
1292 577
1292 578
1292 579
1292 580
1292 581
1292 582
1292 583
1292 584
1292 585
1292 586
1292 587
1292 588
1292 589
1292 590
1292 591
1292 592
1291 593
1291 594
1291 595
1291 596
1291 597
1291 598
1291 599
1291 600
1290 601
1290 602
1290 603
1290 604
1290 605
1290 606
1290 607
1290 608
1290 609
1290 610
1290 611
1290 612
1290 613
1290 614
1289 615
1289 616
1289 617
1289 618
1289 619
1289 620
1288 621
1288 622
1288 623
1287 624
1287 625
1287 626
1287 627
1287 628
1287 629
1287 630
1287 631
1287 632
1286 633
1286 634
1286 635
1286 636
1286 637
1286 638
1285 639
1285 640
1285 641
1285 642
1285 643
1285 644
1285 645
1284 646
1284 647
1283 648
1283 649
1283 650
1282 651
1282 652
1282 653
1282 654
1282 655
1282 656
1282 657
1281 658
1281 659
1281 660
1281 661
1280 662
1280 663
1280 664
1279 665
1279 666
1279 667
1279 668
1279 669
1279 670
1278 671
1278 672
1278 673
1278 674
1277 675
1277 676
1276 677
1276 678
1276 679
1276 680
1276 681
1276 682
1276 683
1276 684
1275 685
1275 686
1275 687
1274 688
1274 689
1274 690
1274 691
1274 692
1273 693
1273 694
1273 695
1273 696
1272 697
1272 698
1271 699
1271 700
1271 701
1271 702
1271 703
1271 704
1270 705
1270 706
1270 707
1269 708
1269 709
1269 710
1268 711
1268 712
1268 713
1268 714
1267 715
1267 716
1267 717
1267 718
1267 719
1266 720
1266 721
1266 722
1266 723
1265 724
1265 725
1264 726
1264 727
1264 728
1264 729
1263 730
1263 731
1263 732
1262 733
1262 734
1262 735
1262 736
1262 737
1262 738
1261 739
1261 740
1261 741
1260 742
1260 743
1260 744
1259 745
1259 746
1259 747
1259 748
1258 749
1258 750
1258 751
1258 752
1257 753
1257 754
1257 755
1256 756
1256 757
1256 758
1256 759
1255 760
1255 761
1255 762
1254 763
1254 764
1253 765
1253 766
1253 767
1252 768
1252 769
1252 770
1252 771
1251 772
1251 773
1251 774
1250 775
1250 776
1250 777
1249 778
1249 779
1248 780
1248 781
1247 782
1246 783
1246 784
1245 785
1245 786
1244 787
1243 788
1243 789
1243 790
1242 791
1242 792
1241 793
1241 794
1240 795
1239 796
1239 797
1238 798
1237 799
1236 800
1235 801
1235 802
1234 803
1233 804
1232 805
1231 806
1231 807
1230 808
1229 809
1228 810
1227 810
1226 810
1225 811
1224 812
1223 813
1222 814
1221 815
1220 816
1220 817
1219 818
1218 819
1217 820
1216 820
1215 821
1214 821
1213 822
1212 823
1211 824
1210 825
1209 826
1208 826
1207 827
1206 828
1205 829
1204 829
1203 830
1202 831
1201 831
1200 832
1199 833
1198 834
1197 834
1196 835
1195 836
1194 837
1193 837
1192 838
1191 838
1190 839
1189 839
1188 840
1187 840
1186 841
1185 841
1184 841
1183 842
1182 842
1181 843
1180 843
1179 844
1178 844
1177 845
1176 846
1175 846
1174 847
1173 848
1172 848
1171 848
1170 849
1169 849
1168 849
1167 850
1166 850
1165 850
1164 851
1163 851
1162 852
1161 852
1160 853
1159 853
1158 854
1157 854
1156 854
1155 855
1154 855
1153 855
1152 856
1151 856
1150 856
1149 857
1148 857
1147 857
1146 858
1145 858
1144 858
1143 859
1142 859
1141 859
1140 860
1139 860
1138 860
1137 861
1136 861
1135 861
1134 862
1133 862
1132 862
1131 863
1130 863
1129 863
1128 864
1127 864
1126 864
1125 864
1124 865
1123 865
1122 865
1121 866
1120 866
1119 866
1118 866
1117 867
1116 867
1115 867
1114 867
1113 868
1112 868
1111 868
1110 868
1109 869
1108 869
1107 869
1106 869
1105 869
1104 869
1103 869
1102 870
1101 870
1100 870
1099 870
1098 870
1097 871
1096 871
1095 871
1094 871
1093 871
1092 872
1091 872
1090 872
1089 872
1088 872
1087 872
1086 872
1085 872
1084 872
1083 872
1082 872
1081 872
1080 872
1079 872
1078 872
1077 872
1076 872
1075 872
1074 872
1073 872
1072 872
1071 872
1070 872
1069 872
1068 872
1067 872
1066 872
1065 872
1064 872
1063 872
1062 872
1061 872
1060 872
1059 872
1058 872
1057 872
1056 872
1055 872
1054 872
1053 872
1052 872
1051 872
1050 872
1049 872
1048 872
1047 871
1046 871
1045 871
1044 871
1043 871
1042 871
1041 871
1040 870
1039 870
1038 870
1037 870
1036 870
1035 870
1034 870
1033 870
1032 870
1031 870
1030 870
1029 869
1028 869
1027 869
1026 869
1025 869
1024 869
1023 869
1022 868
1021 868
1020 868
1019 868
1018 868
1017 868
1016 867
1015 867
1014 867
1013 867
1012 866
1011 866
1010 866
1009 866
1008 865
1007 865
1006 865
1005 865
1004 864
1003 864
1002 864
1001 864
1000 863
999 863
998 863
997 863
996 862
995 862
994 862
993 861
992 861
991 861
990 860
989 860
988 859
987 858
986 858
985 857
984 857
983 856
982 856
981 856
980 855
979 855
978 855
977 854
976 854
975 854
974 853
973 853
972 853
971 852
970 851
969 851
968 850
967 849
966 849
965 848
964 847
963 847
962 846
961 846
960 845
959 844
958 844
957 843
956 842
955 842
954 841
953 840
952 840
951 839
950 839
949 838
948 837
947 836
946 835
945 835
944 834
943 833
942 832
941 831
940 830
939 829
938 828
937 827
936 826
935 826
934 825
933 824
932 823
931 822
930 821
929 820
928 819
927 818
927 817
926 816
925 815
924 814
923 813
922 812
921 811
920 810
919 809
918 808
917 807
916 806
915 805
915 804
914 803
913 802
912 801
911 800
910 799
910 798
909 797
908 796
907 795
907 794
906 793
906 792
905 791
904 790
904 789
903 788
902 787
902 786
901 785
900 784
900 783
899 782
898 781
897 780
897 779
896 778
895 777
895 776
894 775
894 774
893 773
892 772
892 771
891 770
891 769
890 768
889 767
889 766
889 765
889 764
888 763
888 762
887 761
887 760
886 759
885 758
884 757
883 756
882 755
882 754
882 753
882 752
881 751
880 750
880 749
879 748
879 747
878 746
878 745
878 744
877 743
876 742
876 741
876 740
875 739
875 738
874 737
874 736
873 735
872 734
872 733
872 732
871 731
871 730
871 729
870 728
870 727
870 726
869 725
869 724
868 723
868 722
867 721
867 720
867 719
867 718
866 717
866 716
865 715
865 714
864 713
864 712
864 711
863 710
863 709
862 708
862 707
862 706
862 705
862 704
862 703
861 702
861 701
861 700
860 699
860 698
860 697
860 696
859 695
859 694
859 693
858 692
858 691
857 690
857 689
856 688
856 687
856 686
855 685
855 684
855 683
855 682
855 681
855 680
854 679
854 678
854 677
853 676
853 675
852 674
852 673
852 672
852 671
852 670
852 669
852 668
852 667
851 666
851 665
851 664
851 663
850 662
850 661
849 660
849 659
849 658
849 657
849 656
849 655
849 654
849 653
848 652
848 651
848 650
847 649
847 648
847 647
846 646
846 645
846 644
846 643
846 642
846 641
846 640
846 639
846 638
846 637
846 636
846 635
845 634
845 633
844 632
844 631
844 630
844 629
844 628
844 627
844 626
844 625
844 624
844 623
843 622
843 621
843 620
843 619
843 618
843 617
843 616
843 615
843 614
843 613
843 612
842 611
842 610
842 609
842 608
842 607
842 606
841 605
841 604
841 603
841 602
841 601
841 600
841 599
841 598
841 597
841 596
841 595
841 594
841 593
841 592
841 591
841 590
841 589
840 588
840 587
840 586
840 585
840 584
840 583
840 582
840 581
840 580
840 579
840 578
840 577
840 576
840 575
840 574
840 573
840 572
840 571
840 570
840 569
840 568
840 567
840 566
840 565
840 564
840 563
840 562
840 561
840 560
840 559
840 558
840 557
840 556
840 555
840 554
840 553
840 552
840 551
840 550
840 549
840 548
840 547
840 546
840 545
840 544
840 543
840 542
840 541
840 540
840 539
840 538
840 537
840 536
840 535
840 534
840 533
840 532
840 531
840 530
840 529
840 528
840 527
840 526
840 525
840 524
840 523
840 522
840 521
840 520
840 519
840 518
840 517
840 516
840 515
840 514
840 513
840 512
840 511
840 510
840 509
840 508
840 507
840 506
840 505
840 504
840 503
840 502
840 501
840 500
840 499
840 498
840 497
840 496
840 495
840 494
840 493
840 492
840 491
840 490
840 489
840 488
840 487
840 486
840 485
840 484
840 483
840 482
840 481
840 480
840 479
840 478
840 477
840 476
840 475
840 474
840 473
840 472
840 471
840 470
840 469
840 468
840 467
840 466
840 465
840 464
840 463
840 462
839 461
839 460
839 459
839 458
839 457
839 456
839 455
839 454
839 453
839 452
839 451
839 450
839 449
839 448
839 447
839 446
839 445
839 444
839 443
839 442
839 441
839 440
839 439
839 438
839 437
839 436
839 435
839 434
839 433
839 432
839 431
839 430
839 429
839 428
839 427
839 426
839 425
839 424
839 423
839 422
838 421
838 420
838 419
838 418
838 417
838 416
838 415
838 414
838 413
838 412
838 411
838 410
838 409
838 408
838 407
838 406
838 405
838 404
838 403
838 402
838 401
838 400
838 399
837 398
837 397
837 396
837 395
837 394
837 393
837 392
837 391
837 390
837 389
836 388
836 387
836 386
836 385
836 384
836 383
836 382
836 381
836 380
835 379
835 378
835 377
835 376
835 375
834 374
834 373
834 372
834 371
834 370
834 369
834 368
834 367
833 366
833 365
833 364
833 363
833 362
832 361
832 360
831 359
831 358
831 357
831 356
831 355
830 354
830 353
830 352
829 351
829 350
829 349
829 348
828 347
827 346
827 345
827 344
827 343
826 342
826 341
825 340
824 339
824 338
824 337
823 336
823 335
823 334
822 333
821 332
821 331
820 330
820 329
819 328
819 327
818 326
818 325
818 324
817 323
816 322
815 321
814 320
814 319
814 318
813 317
812 316
811 315
810 314
809 313
809 312
808 311
807 310
807 309
806 308
805 307
804 306
804 305
804 304
803 303
802 302
801 301
800 300
800 299
799 298
798 297
797 296
796 295
795 294
794 293
793 292
792 291
791 290
790 289
789 288
788 287
787 286
786 285
785 284
784 283
784 282
783 281
782 280
781 279
780 278
779 277
778 276
777 275
776 274
775 273
774 272
773 271
772 270
771 270
770 270
769 270
768 270
767 270
766 270
765 270
764 270
763 271
762 271
761 271
760 271
759 272
758 272
757 272
756 273
755 273
754 273
753 273
752 274
751 274
750 274
749 275
748 275
747 276
746 276
745 277
744 277
743 277
742 278
741 279
740 279
739 280
738 280
737 281
736 282
735 282
734 283
733 284
732 285
731 285
730 286
729 287
728 288
727 289
726 290
725 291
724 292
723 293
722 294
721 295
720 296
719 297
718 298
718 299
717 300
716 301
715 302
714 303
714 304
713 305
712 306
711 307
711 308
710 309
709 310
708 311
708 312
707 313
706 314
706 315
705 316
704 317
703 318
702 319
702 320
701 321
701 322
701 323
700 324
699 325
699 326
698 327
698 328
698 329
697 330
696 331
696 332
695 333
695 334
694 335
694 336
693 337
693 338
693 339
692 340
692 341
691 342
691 343
691 344
690 345
689 346
689 347
689 348
689 349
688 350
687 351
687 352
687 353
687 354
687 355
686 356
686 357
685 358
685 359
685 360
685 361
685 362
684 363
683 364
683 365
683 366
683 367
683 368
683 369
683 370
683 371
683 372
682 373
682 374
681 375
681 376
680 377
680 378
680 379
680 380
680 381
680 382
680 383
680 384
680 385
680 386
680 387
679 388
678 389
678 390
678 391
678 392
678 393
678 394
678 395
678 396
677 397
677 398
677 399
677 400
677 401
677 402
677 403
676 404
676 405
675 406
675 407
675 408
675 409
674 410
674 411
674 412
674 413
674 414
673 415
673 416
673 417
673 418
672 419
672 420
672 421
672 422
671 423
671 424
671 425
671 426
671 427
670 428
670 429
670 430
669 431
668 432
668 433
668 434
668 435
667 436
667 437
666 438
666 439
666 440
666 441
665 442
665 443
664 444
664 445
663 446
663 447
663 448
663 449
662 450
662 451
661 452
661 453
660 454
659 455
659 456
659 457
659 458
658 459
658 460
657 461
656 462
656 463
655 464
654 465
654 466
653 467
653 468
653 469
652 470
652 471
651 472
650 473
650 474
649 475
649 476
648 477
648 478
647 479
647 480
646 481
645 482
645 483
644 484
643 485
643 486
643 487
642 488
641 489
641 490
640 491
639 492
639 493
638 494
638 495
638 496
637 497
636 498
635 499
634 500
634 501
633 502
632 503
632 504
631 505
630 506
630 507
629 508
628 509
628 510
627 511
626 512
625 513
625 514
624 515
623 516
623 517
622 518
621 519
620 520
619 521
618 522
618 523
618 524
617 525
617 526
616 527
615 528
614 528
613 529
613 530
612 531
611 532
610 533
609 534
609 535
608 536
607 537
606 537
605 538
605 539
604 540
603 541
602 542
601 543
600 544
599 545
598 546
597 547
596 548
595 549
594 550
593 551
592 551
591 552
590 553
589 554
588 554
587 555
586 556
585 557
584 557
583 558
582 559
581 559
580 560
579 561
578 561
577 561
576 561
575 561
574 561
573 561
572 561
571 561
570 561
569 561
568 561
567 561
566 561
565 561
564 561
563 561
562 560
561 560
560 560
559 559
558 558
557 558
556 557
555 557
554 556
553 556
552 556
551 555
550 554
549 554
548 553
547 552
546 552
545 551
544 550
543 549
542 549
541 548
540 547
539 546
538 545
537 544
536 543
535 542
534 541
533 540
532 539
531 538
530 537
530 536
529 535
528 534
527 533
526 532
526 531
525 530
524 529
523 528
522 527
521 526
521 525
520 524
519 523
519 522
518 521
518 520
517 519
517 518
516 517
516 516
515 515
514 514
514 513
513 512
513 511
512 510
511 509
511 508
511 507
510 506
510 505
510 504
509 503
509 502
508 501
508 500
507 499
507 498
507 497
506 496
505 495
505 494
505 493
505 492
505 491
505 490
504 489
504 488
503 487
503 486
503 485
503 484
503 483
502 482
502 481
502 480
502 479
502 478
502 477
502 476
502 475
501 474
501 473
501 472
501 471
501 470
501 469
501 468
501 467
500 466
500 465
500 464
500 463
500 462
499 461
499 460
499 459
499 458
499 457
499 456
499 455
499 454
499 453
499 452
498 451
498 450
498 449
498 448
498 447
498 446
498 445
498 444
497 443
497 442
496 441
496 440
496 439
496 438
496 437
496 436
496 435
495 434
495 433
495 432
495 431
495 430
494 429
494 428
494 427
494 426
494 425
494 424
493 423
493 422
493 421
492 420
492 419
492 418
491 417
491 416
491 415
490 414
490 413
490 412
489 411
489 410
488 409
488 408
487 407
487 406
487 405
486 404
485 403
485 402
484 401
484 400
483 399
483 398
482 397
482 396
481 395
481 394
480 393
480 392
479 391
479 390
479 389
478 388
477 387
476 386
476 385
476 384
475 383
474 382
474 381
474 380
473 379
472 378
472 377
471 376
470 375
469 374
468 373
467 373
466 372
465 372
464 372
463 372
462 372
461 372
460 372
459 372
458 372
457 372
456 373
455 373
454 373
453 373
452 374
451 374
450 374
449 374
448 375
447 375
446 376
445 376
444 376
443 377
442 377
441 377
440 378
439 378
438 379
437 379
436 380
435 381
434 382
433 383
432 384
431 385
430 386
429 387
428 388
427 389
426 389
425 390
424 391
423 392
422 393
421 394
420 395
419 396
418 397
417 398
417 399
416 400
415 401
415 402
415 403
414 404
413 405
412 406
412 407
411 408
411 409
410 410
409 411
409 412
408 413
407 414
407 415
406 416
405 417
405 418
404 419
404 420
403 421
402 422
402 423
402 424
401 425
400 426
400 427
399 428
398 429
398 430
398 431
397 432
397 433
396 434
395 435
394 436
394 437
394 438
394 439
393 440
392 441
392 442
391 443
390 444
390 445
389 446
389 447
389 448
389 449
388 450
387 451
387 452
386 453
386 454
386 455
385 456
385 457
385 458
384 459
384 460
384 461
384 462
383 463
382 464
382 465
382 466
382 467
381 468
381 469
381 470
380 471
380 472
379 473
379 474
379 475
379 476
378 477
377 478
377 479
377 480
377 481
376 482
376 483
375 484
375 485
375 486
375 487
374 488
374 489
374 490
373 491
372 492
372 493
372 494
371 495
371 496
371 497
370 498
370 499
369 500
369 501
368 502
368 503
368 504
368 505
367 506
366 507
366 508
365 509
365 510
365 511
364 512
363 513
363 514
363 515
362 516
361 517
361 518
360 519
360 520
360 521
359 522
358 523
358 524
357 525
356 526
356 527
355 528
354 529
354 530
353 531
353 532
352 533
351 534
350 535
350 536
349 537
348 538
347 539
347 540
346 541
345 542
344 543
343 544
342 545
341 546
340 547
339 548
338 549
337 550
336 551
335 552
334 552
333 553
332 554
331 555
330 556
329 556
328 556
327 556
326 556
325 556
324 556
323 556
322 555
321 554
320 553
319 552
318 552
317 551
316 550
316 549
315 548
314 547
313 546
312 545
312 544
311 543
310 542
310 541
309 540
309 539
308 538
308 537
307 536
306 535
306 534
305 533
304 532
304 531
304 530
303 529
303 528
303 527
302 526
302 525
301 524
301 523
301 522
301 521
300 520
300 519
299 518
299 517
299 516
299 515
299 514
299 513
299 512
298 511
298 510
298 509
298 508
298 507
298 506
298 505
298 504
298 503
298 502
298 501
298 500
298 499
298 498
298 497
298 496
298 495
298 494
298 493
298 492
298 491
298 490
298 489
298 488
298 487
298 486
298 485
298 484
298 483
298 482
298 481
298 480
298 479
298 478
298 477
298 476
298 475
298 474
298 473
298 472
298 471
299 470
299 469
299 468
299 467
299 466
299 465
299 464
299 463
299 462
299 461
299 460
299 459
299 458
299 457
299 456
299 455
299 454
299 453
299 452
299 451
299 450
300 449
300 448
300 447
300 446
300 445
300 444
300 443
300 442
300 441
300 440
301 439
301 438
301 437
301 436
301 435
301 434
301 433
301 432
301 431
301 430
301 429
302 428
302 427
302 426
302 425
303 424
303 423
303 422
303 421
303 420
303 419
303 418
303 417
304 416
304 415
304 414
305 413
305 412
305 411
305 410
305 409
305 408
305 407
306 406
306 405
306 404
306 403
307 402
307 401
307 400
308 399
308 398
308 397
309 396
309 395
309 394
310 393
310 392
310 391
310 390
310 389
311 388
311 387
311 386
311 385
312 384
312 383
313 382
313 381
313 380
313 379
314 378
314 377
315 376
315 375
316 374
316 373
317 372
317 371
317 370
317 369
318 368
318 367
319 366
319 365
319 364
320 363
320 362
320 361
321 360
321 359
322 358
322 357
323 356
323 355
324 354
324 353
325 352
325 351
326 350
326 349
326 348
327 347
327 346
328 345
328 344
329 343
329 342
330 341
330 340
330 339
331 338
331 337
332 336
332 335
333 334
333 333
334 332
334 331
335 330
335 329
336 328
336 327
336 326
337 325
337 324
338 323
338 322
339 321
339 320
340 319
340 318
341 317
341 316
342 315
342 314
343 313
344 312
344 311
344 310
345 309
345 308
346 307
347 306
347 305
348 304
348 303
349 302
349 301
350 300
350 299
350 298
351 297
351 296
352 295
352 294
353 293
353 292
354 291
354 290
355 289
355 288
356 287
356 286
357 285
357 284
358 283
358 282
359 281
359 280
359 279
360 278
360 277
361 276
361 275
362 274
362 273
362 272
362 271
363 270
363 269
364 268
365 267
365 266
366 265
366 264
367 263
367 262
368 261
368 260
369 259
369 258
369 257
370 256
370 255
371 254
371 253
372 252
372 251
373 250
373 249
374 248
375 247
375 246
376 245
376 244
376 243
377 242
377 241
378 240
379 239
379 238
380 237
380 236
381 235
382 234
382 233
383 232
383 231
384 230
385 229
385 228
386 227
386 226
387 225
387 224
388 223
389 222
389 221
390 220
390 219
391 218
391 217
392 217
393 216
393 215
394 214
394 213
395 212
395 211
396 211
397 210
397 209
398 208
399 207
399 206
400 205
401 204
402 203
402 202
403 201
403 200
404 200
405 199
405 198
406 198
407 197
407 196
408 195
409 194
410 193
410 192
411 192
412 191
412 190
413 189
414 188
415 187
416 186
416 185
417 184
418 183
418 182
419 182
420 181
420 180
421 179
422 178
423 177
423 176
424 175
425 174
426 173
427 172
427 171
428 170
429 169
430 168
430 167
431 166
432 165
432 164
433 164
434 163
434 162
435 161
436 160
436 159
437 158
438 157
438 156
439 155
440 154
441 153
441 152
442 152
443 151
444 150
444 149
445 148
446 147
446 146
447 146
448 145
449 144
449 143
450 142
451 142
452 141
452 140
453 139
454 139
455 138
455 137
456 136
457 135
458 134
459 133
460 132
461 131
462 131
463 130
464 129
464 128
465 127
466 127
467 126
468 125
469 124
470 123
471 123
472 122
473 121
474 120
475 120
476 119
477 118
478 118
479 117
480 117
481 116
481 115
482 115
483 114
484 114
485 114
486 113
487 112
488 112
489 111
490 111
491 111
492 110
493 110
494 109
495 108
496 108
497 107
498 107
499 107
500 107
501 106
502 106
503 105
504 105
505 104
506 104
507 104
508 103
509 103
510 102
511 102
512 101
513 101
514 101
515 101
516 100
517 100
518 100
519 99
520 99
521 98
522 98
523 98
524 97
525 97
526 97
527 97
528 96
529 96
530 95
531 95
532 95
533 95
534 94
535 94
536 93
537 93
538 93
539 93
540 92
541 92
542 92
543 92
544 92
545 91
546 91
547 91
548 90
549 90
550 89
551 89
552 89
553 89
554 88
555 88
556 88
557 88
558 87
559 87
560 87
561 87
562 87
563 86
564 86
565 85
566 85
567 85
568 85
569 85
570 85
571 85
572 85
573 84
574 84
575 84
576 84
577 84
578 84
