192 38
193 38
194 38
195 38
196 38
197 38
198 38
199 38
200 38
201 38
202 38
203 38
204 38
205 39
206 39
207 40
208 40
209 40
210 41
211 41
212 41
213 42
214 42
215 43
216 44
217 45
218 45
219 46
220 46
221 46
222 47
223 47
224 48
225 48
226 49
227 50
228 50
229 51
229 52
229 53
229 54
229 55
229 56
229 57
229 58
229 59
229 60
228 61
227 62
227 63
227 64
227 65
227 66
226 67
226 68
226 69
226 70
225 71
225 72
225 73
225 74
224 75
224 76
223 77
223 78
223 79
222 80
222 81
222 82
222 83
222 84
221 85
221 86
220 87
220 88
219 89
219 90
219 91
220 92
221 91
221 90
222 90
223 89
224 88
224 87
225 86
226 85
227 84
228 83
229 82
229 81
230 80
231 79
232 78
233 77
234 77
235 76
235 75
236 74
237 73
238 72
238 71
239 70
240 70
241 69
242 69
243 69
244 69
245 70
246 70
247 71
247 72
248 73
248 74
248 75
249 76
250 77
250 78
250 79
251 80
251 81
251 82
252 83
252 84
253 85
254 86
254 87
254 88
255 89
256 90
256 91
256 92
257 93
258 94
259 95
260 95
261 95
262 94
263 94
264 93
265 92
266 92
267 91
268 90
269 90
270 89
270 88
271 87
272 87
273 86
273 85
274 85
275 84
276 83
276 82
277 82
278 81
279 80
279 79
280 79
281 78
281 77
282 76
283 76
284 75
285 74
286 73
287 72
287 71
288 71
289 70
290 69
291 68
292 68
293 67
293 66
294 65
295 64
296 63
297 62
298 61
299 60
299 59
300 58
301 58
302 57
302 56
303 55
304 54
305 53
305 52
306 51
307 50
308 49
309 49
310 48
310 47
311 46
312 45
313 45
314 44
314 43
315 42
315 41
316 41
317 40
318 40
319 40
320 40
321 41
322 41
323 42
323 43
323 44
323 45
323 46
323 47
323 48
323 49
323 50
323 51
323 52
323 53
323 54
323 55
323 56
323 57
323 58
322 59
322 60
322 61
322 62
322 63
322 64
322 65
322 66
322 67
322 68
322 69
322 70
322 71
322 72
321 73
321 74
321 75
321 76
321 77
321 78
321 79
321 80
321 81
321 82
321 83
321 84
321 85
321 86
321 87
321 88
321 89
321 90
321 91
321 92
321 93
321 94
321 95
321 96
321 97
321 98
321 99
321 100
321 101
321 102
321 103
321 104
321 105
321 106
321 107
321 108
321 109
321 110
321 111
322 112
323 111
324 110
325 110
326 109
327 109
328 108
329 108
330 107
331 106
332 105
333 105
334 104
335 104
336 103
337 103
338 102
339 102
340 102
341 102
342 102
343 103
344 103
345 104
345 105
345 106
345 107
345 108
344 109
344 110
344 111
343 112
343 113
342 114
341 115
341 116
341 117
340 118
340 119
339 120
338 121
338 122
337 123
337 124
336 125
335 126
334 127
333 128
333 129
333 130
332 131
331 132
330 133
329 134
329 135
328 136
327 137
327 138
326 139
325 140
324 141
323 142
322 143
322 144
321 145
320 146
319 147
318 148
318 149
317 150
317 151
316 152
315 153
314 153
313 154
312 155
311 156
310 157
310 158
309 159
308 160
307 161
306 162
305 163
304 164
303 164
302 165
301 166
300 167
299 168
298 169
297 170
297 171
296 172
295 173
294 174
293 175
292 176
291 176
290 177
289 178
288 179
287 180
286 180
285 181
284 182
283 183
282 184
281 185
281 186
282 187
283 187
284 188
285 188
286 189
287 190
288 190
289 191
290 191
291 192
292 193
293 193
294 194
295 194
296 195
297 196
298 196
299 196
300 197
301 197
302 198
303 199
304 199
305 200
306 200
307 201
308 201
309 201
310 201
311 202
312 202
313 203
314 203
315 204
316 204
317 204
318 204
319 204
320 205
321 205
322 205
323 205
324 206
325 206
326 206
327 206
328 207
329 207
330 207
331 207
332 207
333 207
334 207
335 207
336 207
337 207
338 207
339 207
340 207
341 207
342 207
343 207
344 207
345 207
346 207
347 207
348 207
349 207
350 207
351 208
352 208
353 208
354 208
355 208
356 208
357 208
358 208
359 209
360 209
361 210
361 211
361 212
361 213
361 214
361 215
361 216
361 217
361 218
361 219
360 220
360 221
360 222
360 223
360 224
360 225
359 226
359 227
359 228
358 229
357 230
357 231
357 232
357 233
357 234
356 235
356 236
356 237
355 238
355 239
354 240
354 241
354 242
353 243
353 244
353 245
352 246
351 247
351 248
351 249
351 250
350 251
349 252
349 253
349 254
349 255
348 256
347 257
347 258
347 259
346 260
346 261
345 262
344 263
344 264
344 265
344 266
343 267
342 268
342 269
341 270
340 271
340 272
340 273
339 274
339 275
338 276
337 277
337 278
336 279
335 280
334 281
334 282
333 283
333 284
332 285
332 286
332 287
331 288
330 289
329 290
328 291
328 292
327 293
327 294
326 295
325 296
325 297
324 298
323 299
323 300
322 301
321 302
320 303
320 304
319 305
318 306
317 306
316 306
315 306
314 306
313 306
312 306
311 306
310 306
309 306
308 305
307 305
306 304
305 303
305 302
305 301
304 300
303 299
303 298
303 297
302 296
301 295
301 294
301 293
300 292
300 291
300 290
299 289
299 288
298 287
298 286
298 285
297 284
297 283
296 282
296 281
296 280
295 279
295 278
295 277
294 276
294 275
294 274
294 273
294 272
293 271
292 270
292 269
292 268
292 267
292 266
291 265
291 264
290 263
290 262
289 261
289 260
289 259
289 258
288 257
288 256
288 255
287 254
286 255
285 256
285 257
284 258
283 259
282 260
281 261
280 262
279 263
279 264
278 265
277 266
276 267
275 268
274 269
273 270
273 271
272 272
271 273
270 274
270 275
269 276
268 277
267 278
266 279
265 280
264 281
263 282
262 283
261 284
260 285
259 286
258 287
257 288
256 289
256 290
255 291
254 292
253 293
252 294
251 295
250 296
249 297
248 298
247 299
246 300
245 301
244 302
243 303
242 304
241 305
240 306
239 306
238 307
238 308
237 309
236 310
235 311
234 312
233 312
232 313
231 314
230 315
229 316
228 317
227 318
226 319
225 319
224 319
223 319
222 319
221 319
220 319
219 319
218 318
217 317
216 316
216 315
215 314
215 313
214 312
214 311
213 310
213 309
213 308
213 307
212 306
212 305
212 304
212 303
211 302
211 301
211 300
210 299
210 298
210 297
209 296
209 295
209 294
209 293
209 292
208 291
208 290
208 289
208 288
207 287
207 286
207 285
206 284
206 283
206 282
206 281
206 280
206 279
206 278
206 277
205 276
205 275
204 274
204 273
204 272
204 271
203 270
203 269
203 268
203 267
203 266
203 265
203 264
203 263
202 262
201 263
200 264
199 264
198 265
197 265
196 265
195 265
194 265
193 265
192 266
191 266
190 267
189 267
188 267
187 267
186 267
185 268
184 268
183 268
182 269
181 269
180 270
179 270
178 270
177 270
176 270
175 270
174 270
173 271
172 271
171 272
170 272
169 273
168 273
167 273
166 273
165 274
164 274
163 274
162 274
161 274
160 274
159 274
158 275
157 275
156 275
155 275
154 276
153 276
152 276
151 276
150 277
149 277
148 277
147 277
146 277
145 278
144 279
143 279
142 279
141 279
140 280
139 280
138 280
137 280
136 281
135 281
134 281
133 282
132 282
131 282
130 282
129 282
128 282
127 282
126 282
125 282
124 282
123 282
122 282
121 282
120 282
119 282
118 282
117 282
116 282
115 282
114 281
113 281
112 281
111 280
110 279
109 278
109 277
109 276
109 275
109 274
109 273
109 272
109 271
109 270
109 269
109 268
109 267
109 266
109 265
110 264
110 263
110 262
110 261
110 260
111 259
111 258
112 257
112 256
113 255
113 254
113 253
114 252
114 251
115 250
115 249
115 248
116 247
116 246
117 245
118 244
118 243
118 242
118 241
119 240
119 239
119 238
120 237
120 236
121 235
121 234
121 233
121 232
121 231
121 230
121 229
121 228
120 227
120 226
120 225
119 224
118 223
117 222
116 222
115 221
114 220
113 219
112 218
111 217
110 216
110 215
110 214
110 213
110 212
111 211
111 210
112 209
112 208
113 207
113 206
114 205
114 204
115 203
116 202
117 201
117 200
118 199
119 198
119 197
120 196
121 195
122 194
122 193
123 192
124 191
125 190
126 189
126 188
127 187
128 186
129 186
130 185
130 184
130 183
129 182
129 181
129 180
129 179
129 178
129 177
128 176
128 175
128 174
127 173
127 172
126 171
126 170
126 169
125 168
124 167
124 166
123 165
122 164
122 163
121 162
121 161
120 160
119 160
118 159
117 158
117 157
116 156
115 155
114 154
113 153
112 152
111 151
110 150
109 149
109 148
108 147
107 146
107 145
107 144
107 143
107 142
107 141
108 140
108 139
109 138
109 137
109 136
110 135
110 134
111 133
112 132
113 131
113 130
114 129
114 128
115 128
116 127
117 126
118 125
119 124
119 123
120 122
120 121
121 120
122 119
123 118
124 117
125 116
125 115
126 114
127 113
128 112
129 111
130 110
131 109
131 108
132 108
133 107
134 107
135 106
136 105
136 104
137 103
137 102
138 102
139 101
140 101
141 100
141 99
142 99
143 98
144 97
145 96
146 96
147 95
148 94
148 93
149 93
150 92
150 91
151 91
152 90
153 90
154 89
154 88
155 87
156 86
156 85
157 84
157 83
156 82
155 81
154 80
153 79
152 79
151 79
150 78
149 78
148 77
147 77
146 76
145 75
144 75
143 75
142 74
141 74
140 73
139 73
138 73
137 72
136 71
136 70
136 69
136 68
136 67
136 66
137 65
137 64
138 63
139 62
139 61
140 61
141 60
142 60
143 59
144 58
145 58
146 57
147 57
148 56
149 56
150 55
151 55
152 54
153 54
154 53
155 53
156 52
157 52
158 51
159 51
160 50
161 50
162 49
163 49
164 49
165 48
166 48
167 47
168 47
169 46
170 46
171 45
172 45
173 45
174 45
175 45
176 44
177 43
178 43
179 42
180 42
181 42
182 42
183 42
184 41
185 41
186 41
187 40
188 40
189 40
190 39
191 39
192 38
