60 46 
60 46 
60 46 
60 46 
60 47 
60 48 
60 51 
60 54 
61 59 
62 64 
63 70 
63 76 
65 83 
66 91 
67 100 
68 108 
69 118 
71 126 
72 133 
73 140 
74 145 
75 151 
75 156 
77 163 
78 170 
79 178 
80 184 
81 191 
82 197 
83 204 
84 211 
86 219 
87 227 
89 234 
90 243 
92 252 
94 259 
96 266 
97 273 
99 279 
100 285 
101 292 
103 298 
104 304 
106 311 
107 315 
108 319 
109 321 
109 321 
109 322 
110 322 
110 322 
110 322 
110 322 
110 322 
110 322 
110 322 
110 320 
111 316 
114 309 
117 302 
120 296 
123 288 
126 281 
128 274 
131 266 
133 259 
135 250 
138 243 
141 234 
143 226 
145 219 
148 212 
149 205 
152 198 
154 191 
156 185 
157 178 
159 171 
161 165 
163 159 
164 153 
166 148 
168 142 
169 137 
170 133 
171 129 
172 125 
173 120 
174 117 
175 112 
176 109 
177 104 
178 99 
179 95 
180 90 
181 84 
182 81 
183 77 
184 73 
185 70 
186 66 
186 63 
186 63 
186 63 
186 63 
187 63 
187 63 
187 63 
187 63 
187 63 
187 66 
187 72 
187 80 
187 88 
187 97 
187 108 
187 117 
187 126 
188 134 
190 142 
191 147 
192 150 
193 152 
193 153 
193 153 
194 154 
194 154 
194 154 
194 154 
195 154 
197 154 
201 154 
205 153 
210 152 
215 150 
221 149 
229 147 
235 145 
242 144 
249 142 
255 142 
259 142 
263 142 
266 143 
268 144 
269 145 
270 146 
270 147 
271 147 
271 147 
271 147 
271 147 
271 147 
271 147 
271 147 
271 147 
271 147 
271 147 
271 147 
271 147 
271 147 
271 147 
271 147 
271 146 
271 145 
271 145 
271 144 
271 144 
269 144 
266 144 
263 144 
260 145 
256 147 
251 149 
245 153 
236 157 
227 160 
218 164 
211 168 
206 172 
204 176 
201 182 
200 188 
200 193 
200 200 
200 205 
200 210 
201 213 
201 217 
203 221 
205 226 
208 230 
210 234 
213 238 
215 241 
217 243 
217 243 
217 243 
217 243 
217 243 
218 243 
218 243 
220 243 
224 242 
229 240 
234 237 
240 234 
245 230 
249 226 
254 221 
259 216 
263 210 
267 205 
271 198 
274 192 
277 185 
278 181 
279 176 
280 170 
281 166 
282 162 
282 159 
282 155 
282 153 
282 151 
282 151 
282 151 
282 151 
282 151 
282 151 
282 151 
282 151 
282 151 
282 153 
281 158 
280 164 
278 171 
276 180 
273 193 
271 203 
271 213 
271 225 
273 234 
276 242 
279 249 
282 253 
284 255 
287 256 
288 257 
290 258 
293 258 
297 258 
301 258 
305 257 
311 256 
316 254 
324 251 
331 247 
338 244 
344 240 
349 235 
353 229 
357 223 
360 215 
363 207 
364 200 
366 193 
367 187 
367 182 
367 176 
367 172 
367 168 
366 166 
366 163 
365 161 
364 159 
361 157 
359 156 
357 155 
357 155 
355 156 
354 157 
352 158 
350 160 
347 162 
345 165 
341 168 
340 171 
338 175 
337 178 
337 181 
338 184 
339 186 
340 187 
342 188 
345 189 
349 189 
354 189 
360 188 
366 188 
372 188 
376 188 
379 188 
384 188 
388 189 
393 189 
394 190 
395 190 
395 190 
395 190 
395 190 
395 192 
396 194 
397 197 
397 202 
397 206 
397 210 
395 216 
393 223 
391 229 
390 236 
388 245 
388 254 
388 260 
388 267 
389 272 
390 276 
391 278 
392 279 
393 280 
394 281 
394 281 
394 281 
395 281 
396 281 
398 281 
400 280 
403 276 
409 270 
415 263 
422 256 
427 248 
433 241 
437 236 
440 231 
443 227 
446 223 
449 220 
453 217 
456 215 
460 213 
463 212 
467 210 
471 210 
475 210 
479 210 
483 211 
489 211 
492 212 
494 213 
494 213 
494 213 
494 213 
494 213 
494 213 
494 212 
494 211 
494 210 
494 209 
494 208 
494 206 
494 204 
491 202 
485 199 
479 198 
472 198 
465 200 
458 204 
454 207 
448 212 
444 219 
440 225 
436 233 
432 240 
430 247 
427 254 
425 261 
423 267 
423 272 
421 275 
421 278 
421 280 
421 282 
422 284 
422 285 
424 287 
426 289 
428 291 
431 292 
435 294 
442 295 
449 297 
455 297 
460 297 
463 296 
464 295 
466 293 
468 290 
471 285 
475 278 
479 270 
483 260 
488 250 
493 237 
496 225 
497 214 
498 203 
499 189 
499 176 
499 164 
499 155 
500 146 
500 139 
501 134 
502 130 
503 125 
503 122 
504 120 
504 117 
505 113 
505 108 
507 102 
508 95 
510 88 
511 82 
512 78 
512 77 
512 77 
512 77 
512 77 
512 77 
512 77 
512 77 
512 77 
512 77 
512 77 
512 79 
512 83 
512 92 
510 104 
507 120 
503 140 
500 159 
495 177 
493 194 
492 210 
492 224 
492 237 
493 252 
494 264 
495 274 
496 282 
497 288 
498 293 
499 297 
501 301 
503 305 
505 309 
507 311 
507 312 
507 312 
507 312 
509 311 
514 307 
520 301 
529 293 
537 286 
544 275 
550 265 
555 255 
559 244 
563 233 
566 221 
569 209 
573 197 
575 186 
578 173 
581 162 
584 152 
588 142 
591 133 
595 124 
598 115 
602 104 
604 97 
607 90 
609 86 
610 85 
610 85 
610 85 
610 85 
610 85 
610 85 
610 86 
610 92 
611 98 
611 108 
611 120 
611 138 
611 157 
611 175 
611 192 
611 209 
611 226 
611 243 
611 255 
611 266 
611 275 
611 279 
611 283 
611 285 
611 286 
612 287 
612 287 
612 287 
612 287 
612 287 
612 287 
612 287 
613 286 
613 282 
614 274 
615 265 
619 253 
622 244 
625 234 
630 226 
635 216 
640 207 
644 200 
648 195 
652 191 
653 189 
653 189 
653 189 
653 189 
653 189 
654 189 
655 190 
657 194 
660 198 
662 203 
663 210 
664 217 
666 226 
667 238 
670 249 
672 259 
676 271 
679 280 
682 287 
685 292 
687 295 
688 296 
688 296 
688 296 
688 296 
689 296 
692 292 
698 285 
705 278 
713 269 
724 260 
734 252 
742 244 
750 238 
758 232 
766 227 
775 222 
782 219 
789 217 
797 214 
803 214 
808 214 
813 215 
817 217 
821 220 
824 224 
826 227 
827 228 
828 228 
828 229 
828 229 
828 229 
828 229 
828 229 
828 229 
828 227 
828 224 
826 219 
822 213 
817 207 
811 203 
806 200 
801 200 
797 200 
794 200 
791 202 
787 203 
783 206 
779 208 
773 213 
764 220 
754 229 
746 238 
739 248 
734 258 
732 267 
730 276 
730 283 
730 288 
731 292 
733 295 
735 297 
738 300 
742 301 
746 303 
753 304 
758 304 
764 304 
768 301 
774 297 
780 294 
788 288 
798 280 
806 273 
817 262 
825 252 
831 241 
833 230 
835 218 
835 209 
836 203 
837 200 
837 199 
837 199 
837 199 
837 199 
837 199 
837 199 
837 199 
837 199 
837 199 
837 201 
837 205 
837 213 
837 227 
837 242 
839 258 
842 269 
846 279 
849 285 
852 288 
853 288 
853 288 
853 288 
855 288 
860 286 
866 281 
874 275 
884 267 
896 256 
906 247 
917 238 
926 229 
935 220 
942 210 
947 202 
951 194 
953 187 
954 182 
955 178 
955 178 
955 178 
955 178 
955 178 
955 178 
955 178 
955 181 
955 188 
955 199 
955 211 
955 227 
953 246 
951 263 
951 277 
951 286 
951 290 
951 293 
951 293 
951 293 
951 293 
951 293 
951 290 
952 284 
955 274 
957 264 
961 253 
966 242 
970 233 
975 226 
979 220 
982 215 
987 211 
989 208 
991 207 
993 207 
994 207 
995 207 
996 207 
999 208 
1002 211 
1006 216 
1012 220 
1019 226 
1024 231 
1031 237 
1037 246 
1044 255 
1049 261 
1055 266 
1058 270 
1059 271 
1060 272 
1060 273 
1061 273 
1061 275 
1061 276 
1063 278 
1063 279 
1063 281 
1063 281 
1063 281 
1063 282 
1063 282 
1064 282 
1064 283 
1064 284 
1064 284 
1064 284 
1064 284 
1064 284 
1064 284 
1065 281 
1067 274 
